0.0 0.0054770495189736205
0.0 0.005784143645030066
0.0 0.009029698729146452
0.0 0.010287627835027702
0.0 0.011908042945253362
0.0 0.01279034244646859
0.0 0.015175696125791567
0.0 0.01739193071948904
0.0 0.018833534389716817
0.0 0.018991861283269865
0.0 0.02043130644121092
0.0 0.02509856943145766
0.0 0.029611624471514542
0.0 0.03203164815555055
0.0 0.03206699083394155
0.0 0.04365817001502833
0.0 0.04488379476245076
0.0 0.04769425881804895
0.0 0.04886159443595554
0.0 0.04904442610026838
0.05 0.05773045412868212
0.05 0.059715377811826266
0.05 0.061848391003905816
0.05 0.06405814600094302
0.05 0.06706615930555379
0.05 0.0723985266152951
0.05 0.07407108932422717
0.05 0.07639091606100026
0.05 0.07877062880133609
0.05 0.08012539997359094
0.05 0.08647636580099119
0.05 0.08825773947040644
0.05 0.08986802685752741
0.05 0.08991052000813834
0.05 0.09018984028034023
0.05 0.0906686214907312
0.05 0.09375988464266023
0.05 0.0961456190953768
0.05 0.09850072092832249
0.05 0.09927432752857614
0.1 0.10734291600651456
0.1 0.10931642026035703
0.1 0.11301904973368795
0.1 0.1147742158602565
0.1 0.11527152358260565
0.1 0.11596103776875728
0.1 0.11836958401799587
0.1 0.12329321895789341
0.1 0.12349256435045225
0.1 0.1259904938905202
0.1 0.12960336496280592
0.1 0.13413157901448095
0.1 0.13519983712684824
0.1 0.13578174323709705
0.1 0.1381808992914671
0.1 0.14242068153391954
0.1 0.14427273818664188
0.1 0.14505291127263933
0.1 0.14534004628863972
0.1 0.14737630949669936
0.15000000000000002 0.15623497867049133
0.15000000000000002 0.1596735929825966
0.15000000000000002 0.15992246010149427
0.15000000000000002 0.1608623400675483
0.15000000000000002 0.16208896892307417
0.15000000000000002 0.16286606599195322
0.15000000000000002 0.16669010288032185
0.15000000000000002 0.16839966979000076
0.15000000000000002 0.1700719778248175
0.15000000000000002 0.1725895077037212
0.15000000000000002 0.17763761598956856
0.15000000000000002 0.17865640711085962
0.15000000000000002 0.17879429810275055
0.15000000000000002 0.18054552468901472
0.15000000000000002 0.18167622208606568
0.15000000000000002 0.19049257502912906
0.15000000000000002 0.19111267006219637
0.15000000000000002 0.1935991248388344
0.15000000000000002 0.19396077405203302
0.15000000000000002 0.19592073396440424
0.2 0.20180866089537106
0.2 0.20318624101559704
0.2 0.20327462114615433
0.2 0.20467753250247767
0.2 0.20752151495381677
0.2 0.21006071851235247
0.2 0.21158733905396118
0.2 0.2131841443035414
0.2 0.2179245334717786
0.2 0.22592078092914808
0.2 0.22599804721783803
0.2 0.22659368243701272
0.2 0.22906070303994344
0.2 0.23123026344980452
0.2 0.23198881051563547
0.2 0.24413923227122913
0.2 0.24453186931651855
0.2 0.24712786725429647
0.2 0.2483630444824071
0.2 0.24979539870710002
0.25 0.25651251847788725
0.25 0.25776914080236196
0.25 0.25782907991623955
0.25 0.2594192385551795
0.25 0.26153262250088916
0.25 0.2646146482609424
0.25 0.26917454840173405
0.25 0.26996809666060984
0.25 0.27202642046758213
0.25 0.2759875917058945
0.25 0.27720667239051366
0.25 0.2777284038394331
0.25 0.2792607151240574
0.25 0.28908142036924633
0.25 0.2899843683509635
0.25 0.29005479860767636
0.25 0.2919572975115274
0.25 0.2934908048786688
0.25 0.29474800022826586
0.25 0.29846785330649855
0.30000000000000004 0
0.30000000000000004 0.30994156807341844
0.30000000000000004 0.3100033558134289
0.30000000000000004 0.31025312332065164
0.30000000000000004 0.31226635867902314
0.30000000000000004 0.3127064804817736
0.30000000000000004 0.3129980996674309
0.30000000000000004 0.3163946671792744
0.30000000000000004 0.3181886530260517
0.30000000000000004 0.3247033564729253
0.30000000000000004 0.32827005261339404
0.30000000000000004 0.3299637529245768
0.30000000000000004 0.33180257223589293
0.30000000000000004 0.3328150437493416
0.30000000000000004 0.33643044934833527
0.30000000000000004 0.3371094175035119
0.30000000000000004 0.34455838405557937
0.30000000000000004 0.3456174303866802
0.30000000000000004 0.3462733899017044
0.30000000000000004 0.3484776980443352
0.30000000000000004 0.34939889780287453
0.35000000000000003 0.3500560892357526
0.35000000000000003 0.35254169258713225
0.35000000000000003 0.3599078989210135
0.35000000000000003 0.36167424263200054
0.35000000000000003 0.36375707902434945
0.35000000000000003 0.36404107317129236
0.35000000000000003 0.3644095711714298
0.35000000000000003 0.36691607068639465
0.35000000000000003 0.36737522878078566
0.35000000000000003 0.36846310053501974
0.35000000000000003 0.3689436007271574
0.35000000000000003 0.37086202588974204
0.35000000000000003 0.3720709844339382
0.35000000000000003 0.3747802945670986
0.35000000000000003 0.3749565913526927
0.35000000000000003 0.38066842110940546
0.35000000000000003 0.3808455932486213
0.35000000000000003 0.3905956387057945
0.35000000000000003 0.3957902892561956
0.35000000000000003 0.397941167247339
0.4 0.4023467579291967
0.4 0.4039975691891702
0.4 0.40425154407258296
0.4 0.4052234697806292
0.4 0.4065103167477751
0.4 0.4104669238415084
0.4 0.4197110318424065
0.4 0.42071516555894006
0.4 0.42566482711667913
0.4 0.4287822552648095
0.4 0.4301889833613731
0.4 0.4333158969386093
0.4 0.43487229672219047
0.4 0.43738603800596776
0.4 0.4384223023054108
0.4 0.4386780258543741
0.4 0.43872282713923266
0.4 0.44042768609930716
0.4 0.4405237444554999
0.4 0.44496381850487216
0.45 0.45164327845845326
0.45 0.45305713759005445
0.45 0.4549321589926093
0.45 0.45659332742501174
0.45 0.4583258597537781
0.45 0.4602968040261754
0.45 0.4633458061978108
0.45 0.46556651835292295
0.45 0.46632511981558733
0.45 0.4774566282758421
0.45 0.4783973130483492
0.45 0.4801983927270957
0.45 0.48846145651326883
0.45 0.48868017445432166
0.45 0.48991183930055476
0.45 0.49008664123293
0.45 0.4909677808206032
0.45 0.49124132417512
0.45 0.4941039954513048
0.45 0.4996594199039146
0.5 0.5031383755338689
0.5 0.504812520725555
0.5 0.5139202050565924
0.5 0.5150045177453091
0.5 0.5221110489840559
0.5 0.5247791034335061
0.5 0.5252518140428526
0.5 0.5260128028910401
0.5 0.5298754336776738
0.5 0.5317035200502084
0.5 0.5352261688072187
0.5 0.5357837123420294
0.5 0.5379235481446237
0.5 0.5385506954153494
0.5 0.5393963178487982
0.5 0.5403327166603523
0.5 0.5416836632715327
0.5 0.5455579833212314
0.5 0.5463305508182428
0.5 0.5497706026704086
0.55 0.5517082277651938
0.55 0.5519039916838567
0.55 0.5554513872354595
0.55 0.5612168904410578
0.55 0.5699901888271114
0.55 0.5745336821734589
0.55 0.5747337768832675
0.55 0.5749979343962907
0.55 0.5764517248503244
0.55 0.5793405234907978
0.55 0.5796195164224047
0.55 0.5847814463927767
0.55 0.5857854899255388
0.55 0.58640480316393
0.55 0.5881059304012933
0.55 0.5888695185068502
0.55 0.5905481364583124
0.55 0.5910676583672834
0.55 0.5913626920607773
0.55 0.5980900398051409
0.6000000000000001 0.6015260681170931
0.6000000000000001 0.6019544544062135
0.6000000000000001 0.6077779129416501
0.6000000000000001 0.6090258327763862
0.6000000000000001 0.6102969720022068
0.6000000000000001 0.6127344132846593
0.6000000000000001 0.6170198867098113
0.6000000000000001 0.6183469684532782
0.6000000000000001 0.6212386673282543
0.6000000000000001 0.6213163945976738
0.6000000000000001 0.623118336322466
0.6000000000000001 0.6237333950196979
0.6000000000000001 0.6251896223654497
0.6000000000000001 0.6316835636487267
0.6000000000000001 0.6407006004652415
0.6000000000000001 0.6421068668965157
0.6000000000000001 0.6427177801198716
0.6000000000000001 0.6453035221754369
0.6000000000000001 0.6481269292551518
0.6000000000000001 0.6499982952097374
0.65 0.6510693009546512
0.65 0.6521514434568362
0.65 0.6522689922643196
0.65 0.6523624516624673
0.65 0.6570030196666001
0.65 0.6577015323431303
0.65 0.6580792021995928
0.65 0.6653761133966198
0.65 0.6669739371579498
0.65 0.6690576551435462
0.65 0.6699406604287914
0.65 0.6743731371085688
0.65 0.6746092526722477
0.65 0.6776851415520093
0.65 0.6786885139926421
0.65 0.6796383132926422
0.65 0.6809500956323996
0.65 0.6846315509581408
0.65 0.6865931949393076
0.65 0.6989599275058141
0.7000000000000001 0.7011485177120115
0.7000000000000001 0.704597526638518
0.7000000000000001 0.7055330856301352
0.7000000000000001 0.7061618731541559
0.7000000000000001 0.7062063701642444
0.7000000000000001 0.7173231414820972
0.7000000000000001 0.7209280475491885
0.7000000000000001 0.7219509730796877
0.7000000000000001 0.7239901209914602
0.7000000000000001 0.7242874778655837
0.7000000000000001 0.7274111149807884
0.7000000000000001 0.7370622919612649
0.7000000000000001 0.738359030846681
0.7000000000000001 0.739943944693753
0.7000000000000001 0.7402041533336573
0.7000000000000001 0.7409407392308175
0.7000000000000001 0.7413003082624336
0.7000000000000001 0.7446174384891145
0.7000000000000001 0.7467815450120142
0.7000000000000001 0.7495068538416632
0.75 0.7503953951154044
0.75 0.7523204192441493
0.75 0.7557863644556634
0.75 0.7591873168502404
0.75 0.760248032519453
0.75 0.7623854782075515
0.75 0.7635781435465265
0.75 0.765031977933737
0.75 0.7700554988581719
0.75 0.7742518817231695
0.75 0.7761171339401616
0.75 0.777330411975418
0.75 0.7793384686176991
0.75 0.7826847800289523
0.75 0.7843275066585597
0.75 0.7900855643182954
0.75 0.7907944761063478
0.75 0.7960808453470296
0.75 0.7980028261102956
0.75 0.7984618174140963
0.8 0.8008856177861475
0.8 0.8043282616551354
0.8 0.8057365097133062
0.8 0.8078671897174666
0.8 0.8106845195980493
0.8 0.816697633281121
0.8 0.8205835779164435
0.8 0.8243086956070284
0.8 0.825947303229228
0.8 0.8260502397007916
0.8 0.8269227945775336
0.8 0.8274430018882334
0.8 0.8292909834817394
0.8 0.8371441827614496
0.8 0.8412037621637317
0.8 0.8430412824166874
0.8 0.8433570519184331
0.8 0.844093792940328
0.8 0.8445382864139725
0.8 0.8482150609105453
0.8500000000000001 0.8578338477859984
0.8500000000000001 0.862807982530383
0.8500000000000001 0.8657697139838276
0.8500000000000001 0.8688068068845842
0.8500000000000001 0.8697833651335249
0.8500000000000001 0.8700324581756111
0.8500000000000001 0.8721849563445913
0.8500000000000001 0.8740939832078152
0.8500000000000001 0.8743112738741156
0.8500000000000001 0.8747784665648937
0.8500000000000001 0.8756856529317697
0.8500000000000001 0.8785384305163491
0.8500000000000001 0.8795626744384634
0.8500000000000001 0.879927687033092
0.8500000000000001 0.8820601371999643
0.8500000000000001 0.8878292945599624
0.8500000000000001 0.8900734256925203
0.8500000000000001 0.8921122558799023
0.8500000000000001 0.8923447118110758
0.8500000000000001 0.8968813975943539
0.9 0.9041253722136815
0.9 0.9089514667187494
0.9 0.9093441649809096
0.9 0.9128888063929258
0.9 0.9214348039566874
0.9 0.9237395109945622
0.9 0.9253769178138732
0.9 0.9264603871523857
0.9 0.9285067827273282
0.9 0.9310326466339414
0.9 0.931222483339613
0.9 0.9326823941585207
0.9 0.9336502718784956
0.9 0.9351568068218769
0.9 0.936134148799635
0.9 0.9380932729426441
0.9 0.9389734747562261
0.9 0.941858734207912
0.9 0.9428863488710708
0.9 0.9490655547195739
0.95 0.951985286028744
0.95 0.9536383580120399
0.95 0.9549532710871511
0.95 0.9601816408199898
0.95 0.9633037120279405
0.95 0.9659653501898883
0.95 0.9665975881429891
0.95 0.966688511782758
0.95 0.9684969219353553
0.95 0.9686909850226487
0.95 0.9706079724458797
0.95 0.973473625192862
0.95 0.9750131346213131
0.95 0.9818322247486254
0.95 0.9859038268610666
0.95 0.9880700378944329
0.95 0.9904074598721687
0.95 0.991314979600367
0.95 0.9966152116841875
0.95 0.9970247591767164
