DD16-1 2 0.05956903821176394 0.18845274868204462 0.15334542834673517 -0.9836901490883877 0.6891647350891406
DD16-1 3 0.12883920901608373 0.12297900750210737 0.10021076805800626 -0.981782148119998 0.6507398464217431
DD16-1 4 0.12880330562010336 0.12367081157777697 0.10077409577375736 -0.9784293040527653 0.6666171948349899
DD16-1 5 0.1413570030574565 0.1688907437065158 0.13767501574946453 -0.9726759233989523 0.7246853245815168
DD16-1 6 0.16253332895152714 0.18007002133519343 0.1466811810953562 -0.9720136512679393 0.7310823324497423
DD16-1 7 0.16226054934893933 0.17984642532172304 0.14650268897271881 -0.9740237192083955 0.7309966029810258
DD16-1 8 0.16217864074163704 0.18017781415017128 0.14676092596981619 -0.9779199171163637 0.7311350254170897
DD16-1 9 0.16210525178483992 0.18060962468438155 0.14710429379830545 -0.9747084040951016 0.73486924561723
DD16-1 10 0.15976515149568649 0.19840428222393455 0.16177435171227902 -0.9673636800944673 0.7474957360165063
DD16-2 2 0.1521961069971034 0.24813996402549998 0.20232816699539707 -0.9764124025614909 0.7860569072802364
DD16-2 3 0.1543772549074005 0.23999197240546405 0.19551509839960562 -0.9775681636336593 0.7885787452210302
DD16-2 4 0.1684196661917392 0.23206006673612645 0.1890321305755622 -0.9785251125308798 0.8196892987934606
DD16-2 5 0.16681756122929736 0.25772580418422614 0.20980013784901963 -0.9780975407840586 0.8350942096591919
DD16-2 6 0.16898135741143588 0.25999408363337134 0.21166896459387252 -0.9762727724338358 0.8367050943227188
DD16-2 7 0.1683201620205961 0.26208849264821776 0.21338163156787626 -0.9748592213323398 0.837118992101489
DD16-2 8 0.16798983247772523 0.2628808406965447 0.2140296620198623 -0.9762727724338358 0.8374362310625425
DD16-2 9 0.1682237436963367 0.2649316375282251 0.21568843930895065 -0.9783239070949131 0.8370179534338755
DD16-2 10 0.16779130536977582 0.2663104837404123 0.21681869141165455 -0.977831804038792 0.8372747870588702
DD16-3 2 0.0 0.0 0.0 0.0 0.0
DD16-3 3 0.0 0.0 0.0 0.0 0.0
DD16-3 4 0.0 0.0 0.0 0.0 0.0
DD16-3 5 0.0 0.0 0.0 0.0 0.0
DD16-3 6 0.10446092664506276 0.005818866397087612 0.004612158931689693 -0.9849112227817619 0.7424735312416051
DD16-3 7 0.10115184419871688 0.13913957203844934 0.11362313319059877 -0.9704457353795768 0.8889747112146797
DD16-3 8 0.10115184419871688 0.13913957203844934 0.11362313319059877 -0.9704457353795768 0.8889747112146797
DD16-3 9 0.10115184419871688 0.13913957203844934 0.11362313319059877 -0.9704457353795768 0.8889747112146797
DD16-3 10 0.10115184419871688 0.13913957203844934 0.11362313319059877 -0.9704457353795768 0.8889747112146797
DD16-4 2 0.041807385441684594 0.16473592662023076 0.13448692523757302 -0.9647919998507224 0.8444319711791572
DD16-4 3 0.041807385441684594 0.16473592662023076 0.13448692523757302 -0.9647919998507224 0.8444319711791572
DD16-4 4 0.042054977373038135 0.165608744908669 0.13521948567976738 -0.9635227136875242 0.8442088052210543
DD16-4 5 0.05639784698837308 0.1747138815558245 0.14303407215671915 -0.9520114335792738 0.897554677756926
DD16-4 6 0.05613595873869037 0.17479029327905843 0.1430974001122797 -0.9405504073601727 0.9057923723873575
DD16-4 7 0.05832690788470285 0.14064244612797427 0.11510890667914976 -0.9611730706936304 0.7917947267756137
DD16-4 8 0.05818068918062574 0.14078801243486286 0.11522858643979289 -0.9512916421210772 0.8056895117426185
DD16-4 9 0.05805222335967319 0.14090087607143884 0.11532107681153436 -0.9571026426077944 0.8215675333309734
DD16-4 10 0.057958568530660275 0.14101739752937323 0.11541324734549814 -0.9576817957739413 0.8216433568899729
DD16-5 2 0.04948122456494905 0.10885877070435178 0.08892954956186044 -0.9600532280647627 0.9407662247971147
DD16-5 3 0.04948122456494905 0.10885877070435178 0.08892954956186044 -0.9600532280647627 0.9407662247971147
DD16-5 4 0.04948122456494905 0.10885877070435178 0.08892954956186044 -0.9600532280647627 0.9407662247971147
DD16-5 5 0.0502148641098809 0.1092155080416119 0.08922133211850075 -0.9467474389210284 1.0
DD16-5 6 0.0502148641098809 0.1092155080416119 0.08922133211850075 -0.9467474389210284 1.0
DD16-5 7 0.0502148641098809 0.1092155080416119 0.08922133211850075 -0.9467474389210284 1.0
DD16-5 8 0.0502148641098809 0.1092155080416119 0.08922133211850075 -0.9467474389210284 1.0
DD16-5 9 0.0502148641098809 0.1092155080416119 0.08922133211850075 -0.9467474389210284 1.0
DD16-5 10 0.0502148641098809 0.1092155080416119 0.08922133211850075 -0.9467474389210284 1.0
DD16-6 2 0.05055415361915166 0.22285708663727732 0.1818096169583696 -0.9837128199385203 0.8369034990921498
DD16-6 3 0.0688659258208833 0.20229677503367616 0.16520885194891088 -0.9660175357828221 0.8982129194543356
DD16-6 4 0.06881079743605796 0.17666892292663097 0.1443289959516703 -0.9756595276282027 0.8336061842037091
DD16-6 5 0.06678858451146745 0.15462320956950087 0.12629845606924664 -0.976941460635039 0.8198715220797119
DD16-6 6 0.0654675115652261 0.14247619186760285 0.11638693407336918 -0.9789382699094467 0.7905488452051909
DD16-6 7 0.06677677020635146 0.1416769537570005 0.1157403557585101 -0.979581588981798 0.8221027545309639
DD16-6 8 0.06676006129996603 0.14173558093802036 0.11578845484768617 -0.9800052050532438 0.8236384557753882
DD16-6 9 0.06676006129996603 0.14173558093802036 0.11578845484768617 -0.9800052050532438 0.8236384557753882
DD16-6 10 0.06662024200817562 0.14188946169724695 0.11590974224234946 -0.9800821362706337 0.825864169002057
DD16-7 2 0.05865845525245837 0.17799398337386235 0.1447701860545806 -1.0 0.5040014346422426
DD16-7 3 0.05865845525245837 0.17799398337386235 0.1447701860545806 -1.0 0.5040014346422426
DD16-7 4 0.05865845525245837 0.17799398337386235 0.1447701860545806 -1.0 0.5040014346422426
DD16-7 5 0.058575511677182286 0.1742921947768736 0.14152767487749204 -0.9850160743532526 0.5869627765981547
DD16-7 6 0.058575511677182286 0.1742921947768736 0.14152767487749204 -0.9850160743532526 0.5869627765981547
DD16-7 7 0.06025311265980577 0.1802621389986893 0.14617619137316518 -0.9793678919423111 0.6373999363313676
DD16-7 8 0.0601773656109883 0.1805552131175281 0.14641515883488943 -0.9793678919423111 0.6458433766869834
DD16-7 9 0.0601773656109883 0.1805552131175281 0.14641515883488943 -0.9793678919423111 0.6458433766869834
DD16-7 10 0.06951202900783152 0.17162103808826573 0.13929931335381493 -0.9843607996786875 0.705217436793633
DD16-8 2 0.11975510879724638 0.2030713006247549 0.16595862667690506 -0.9760876889384695 0.6835774792736046
DD16-8 3 0.13142341832646895 0.2125566646503464 0.17365253054981084 -0.981328178894512 0.7452204723058622
DD16-8 4 0.13042198934111798 0.2105759788650397 0.17212666788481196 -0.9804943754949763 0.7506103920174358
DD16-8 5 0.13513153802731293 0.22461909010998113 0.18360717794903164 -0.9815152559490917 0.7902543923952874
DD16-8 6 0.1361547379654023 0.2253490626789179 0.18420480156679803 -0.979354014427594 0.7911898058120113
DD16-8 7 0.13555510875772697 0.22588054533511126 0.18464332990041968 -0.976804939377821 0.7955057511998149
DD16-8 8 0.13494029378928946 0.2263157148865724 0.1850039455163789 -0.9751732661806645 0.7986162574528848
DD16-8 9 0.12686184909456857 0.22198787220442912 0.18147639024049375 -0.9581893439510917 0.855526646760898
DD16-8 10 0.1268288808307534 0.2214593725570484 0.1810483700064413 -0.9494377597167402 0.8539119198953048
DD16-9 2 0.10780289032865165 0.2816897040095305 0.2260498503910965 -0.985089933225806 0.7241181415916477
DD16-9 3 0.12224872464318502 0.22142739994033053 0.1783072420508075 -0.9771470063462053 0.7137084797151912
DD16-9 4 0.12163891021027451 0.24072032609258115 0.19384776760134728 -0.9810659176515376 0.7292801049787896
DD16-9 5 0.12019807774088886 0.2438096719682479 0.19656418159970845 -0.9789385213769246 0.7409735103584736
DD16-9 6 0.1315956770250675 0.28804205967231794 0.23258678256713836 -0.9790096954080546 0.8021062116194341
DD16-9 7 0.1307091477383826 0.28973297323676034 0.23400016192771622 -0.9787966283360523 0.8157036274138325
DD16-9 8 0.1369753019038004 0.28594054247795875 0.23093679828195138 -0.9801612136775943 0.8190883499516259
DD16-9 9 0.13745518933800518 0.2901605100481872 0.23454029857761607 -0.9784184806748548 0.828624410308512
DD16-9 10 0.13993096429943633 0.28329514406731393 0.22941204315427252 -0.971109486909681 0.8438943349843617
DD16-10 2 0.0886879770479637 0.015289232032754117 0.012489920712870304 -0.9765417829939173 0.517470150372155
DD16-10 3 0.08919482791589596 0.014417825155464309 0.011778083526905438 -0.9765417829939173 0.5482775316951263
DD16-10 4 0.08919482791589596 0.014417825155464309 0.011778083526905438 -0.9765417829939173 0.5482775316951263
DD16-10 5 0.09841542221989077 0.016047470213334282 0.013109450133861592 -0.975418793264391 0.5540460712570681
DD16-10 6 0.10483180853423281 0.013376666737692177 0.01092782035967019 -0.9880190773562556 0.5844495846555351
DD16-10 7 0.10483180853423281 0.013376666737692177 0.01092782035967019 -0.9880190773562556 0.5844495846555351
DD16-10 8 0.10483180853423281 0.013376666737692177 0.01092782035967019 -0.9880190773562556 0.5844495846555351
DD16-10 9 0.10483180853423281 0.013376666737692177 0.01092782035967019 -0.9880190773562556 0.5844495846555351
DD16-10 10 0.10483180853423281 0.013376666737692177 0.01092782035967019 -0.9880190773562556 0.5844495846555351
DD16-11 2 0.13925554551344824 0.21103252293453814 0.1707777876942784 -0.9855539481382204 0.5693357724770239
DD16-11 3 0.14131456681643423 0.20946994644256248 0.16961905740874772 -0.9855539481382204 0.5679392416391125
DD16-11 4 0.1373128023921256 0.15069678535467787 0.12186975319098052 -0.9797232587895177 0.5708841243499171
DD16-11 5 0.13865917713297243 0.15000555734610085 0.12134707017539419 -0.9800828822188019 0.5709248025991126
DD16-11 6 0.13830811082352482 0.14828922016155902 0.11992218526254378 -0.9804221014728715 0.5712108122664806
DD16-11 7 0.13830811082352482 0.14828922016155902 0.11992218526254378 -0.9804221014728715 0.5712108122664806
DD16-11 8 0.13830811082352482 0.14828922016155902 0.11992218526254378 -0.9804221014728715 0.5712108122664806
DD16-11 9 0.13830811082352482 0.14828922016155902 0.11992218526254378 -0.9804221014728715 0.5712108122664806
DD16-11 10 0.137983544064344 0.17480797517849736 0.14173376198737733 -0.9813826787463961 0.590286929613435
DD16-12 2 0.0 0.0 0.0 0.0 0.0
DD16-12 3 0.0 0.0 0.0 0.0 0.0
DD16-12 4 0.0 0.0 0.0 0.0 0.0
DD16-12 5 0.0 0.0 0.0 0.0 0.0
DD16-12 6 0.0 0.0 0.0 0.0 0.0
DD16-12 7 0.07162965764695056 0.03969909003898485 0.032430827348553425 -0.9850160743532526 0.6817803273172544
DD16-12 8 0.07162965764695056 0.03969909003898485 0.032430827348553425 -0.9850160743532526 0.6817803273172544
DD16-12 9 0.07162965764695056 0.03969909003898485 0.032430827348553425 -0.9850160743532526 0.6817803273172544
DD16-12 10 0.07162965764695056 0.03969909003898485 0.032430827348553425 -0.9850160743532526 0.6817803273172544
DD16-13 2 0.08637707337827814 0.09902536833432152 0.08081621018728598 -0.9900998669835123 0.5755978962675813
DD16-13 3 0.08637707337827814 0.09902536833432152 0.08081621018728598 -0.9900998669835123 0.5755978962675813
DD16-13 4 0.09509763290443825 0.09906223004806175 0.08084624594580822 -0.9915402677739342 0.5851293222989874
DD16-13 5 0.09509763290443825 0.09906223004806175 0.08084624594580822 -0.9915402677739342 0.5851293222989874
DD16-13 6 0.09509763290443825 0.09906223004806175 0.08084624594580822 -0.9915402677739342 0.5851293222989874
DD16-13 7 0.09509763290443825 0.09906223004806175 0.08084624594580822 -0.9915402677739342 0.5851293222989874
DD16-13 8 0.09509763290443825 0.09906223004806175 0.08084624594580822 -0.9915402677739342 0.5851293222989874
DD16-13 9 0.09509763290443825 0.09906223004806175 0.08084624594580822 -0.9915402677739342 0.5851293222989874
DD16-13 10 0.1194025713052893 0.09422386351065289 0.07700143206003747 -0.9932451866427251 0.6727272862617935
DD16-14 2 0.07772816090797602 0.17100567497274305 0.1396694239852504 -0.9796875081625237 0.8149576936727637
DD16-14 3 0.09194877458097815 0.17139482421085717 0.13999836111403052 -0.9863753457672625 0.8295591581198506
DD16-14 4 0.08117753476524892 0.15916342722665974 0.13001974520130782 -0.9829103937296285 0.8619366865533934
DD16-14 5 0.08117753476524892 0.15916342722665974 0.13001974520130782 -0.9829103937296285 0.8619366865533934
DD16-14 6 0.08250143997763468 0.15931459275512327 0.13014139578072825 -0.9824190396153577 0.8659653212141956
DD16-14 7 0.08252590812736052 0.15976749750374647 0.13051351901821526 -0.9825857876227987 0.883032471068
DD16-14 8 0.08201977620728561 0.15988286115917724 0.13060607822672973 -0.9816263779779447 0.9087903788697362
DD16-14 9 0.0822784832559737 0.16123035311841197 0.1317204802994955 -0.9749408177215315 0.9165073893966096
DD16-14 10 0.0822784832559737 0.16123035311841197 0.1317204802994955 -0.9749408177215315 0.9165073893966096
DD16-15 2 0.11265067307833959 0.17465844589399449 0.14259689783483262 -0.9546037021105498 0.7645427816137456
DD16-15 3 0.11684786009092553 0.1746687002282613 0.14256978855085223 -0.9344559803608973 0.7909101718204714
DD16-15 4 0.10767406441522427 0.3563838283653951 0.2914106332785766 -0.9320817456664043 0.9458154135916861
DD16-15 5 0.10812710201213295 0.3585873269812868 0.29328156808661354 -0.9356961261492696 0.9488488235068776
DD16-15 6 0.10020892367348985 0.2957725033993244 0.2419527780611929 -0.9452473944563788 0.9225518889425501
DD16-15 7 0.10176119232345385 0.29654610779963875 0.24262725023809506 -0.9401185179996958 0.9228724422345934
DD16-15 8 0.10143229737804682 0.29699662330394405 0.24305750206112525 -0.9398818597786439 0.9233946310030021
DD16-15 9 0.10119858544930119 0.2973195079012838 0.24336824779812996 -0.9412182993042635 0.9237674077230202
DD16-15 10 0.10273671794436942 0.30024315368879295 0.24582464945618093 -0.9372938816041303 0.9255659183249781
DD16-16 2 0.0740504372085124 0.19333584456696665 0.15729283142445366 -0.9876510885416112 0.5746628187015844
DD16-16 3 0.07292458297585563 0.19804124995555702 0.1612698909518663 -0.9826560482885811 0.5929387950435727
DD16-16 4 0.07327750986397509 0.1980431891251566 0.16128650979328016 -0.9810816162207047 0.6193931892686417
DD16-16 5 0.07327750986397509 0.1980431891251566 0.16128650979328016 -0.9810816162207047 0.6193931892686417
DD16-16 6 0.07741914653019247 0.20189391554400243 0.1643077294732027 -0.9808807791675109 0.6346984692195906
DD16-16 7 0.06890615532721392 0.17277449448071694 0.14064458282371456 -0.9824829536136184 0.7100408161163257
DD16-16 8 0.07069267097975442 0.17381250057950584 0.1416475552368354 -0.98164728820769 0.7183096348922494
DD16-16 9 0.07053945494379031 0.173851785168607 0.14168157614712878 -0.9782564637501496 0.7192826077267249
DD16-16 10 0.0703311358525913 0.17411343404572005 0.14189012602645165 -0.9815514286025497 0.7196735974250148
DD16-17 2 0.14564335357013833 0.1765014185125203 0.1434981895058999 -0.9860231312295101 0.5685026473929041
DD16-17 3 0.13445406956840564 0.17522453267510046 0.1425224024415989 -0.9882158783718479 0.5759711668187577
DD16-17 4 0.13646419670610702 0.17631875510708594 0.14344184706423244 -0.9872223458193216 0.5965414216423209
DD16-17 5 0.13441426307750998 0.1605554842938159 0.13071834698896667 -0.9910525671342073 0.5985662113716884
DD16-17 6 0.14513944571975868 0.18161289945677944 0.1481761730141881 -0.986357128902143 0.6832384504940561
DD16-17 7 0.14483804499019293 0.18036353220432905 0.14716047801855459 -0.9868556192522325 0.6921401853708407
DD16-17 8 0.1440780851064728 0.18016158716089709 0.14699725024329838 -0.9812656708185911 0.6949254294967162
DD16-17 9 0.14402823480376548 0.17952710636421448 0.1465034144352112 -0.978762531770855 0.7006260754941989
DD16-17 10 0.1488968010665696 0.18630741013414714 0.15200859177409762 -0.9702577560544542 0.7329409382783102
DD16-18 2 0.07543434193088154 0.24354367809295588 0.19635643799358393 -0.9684460821198764 0.7414285316253365
DD16-18 3 0.07963711816450622 0.25807422016501835 0.20767022711612715 -0.9730597832350043 0.7540208409535207
DD16-18 4 0.08009488460356906 0.2607010243104309 0.2098836492336993 -0.9697904673221645 0.766490371757396
DD16-18 5 0.10776949065230962 0.23461148364977474 0.18932319152026525 -0.9689113985077582 0.770316308532091
DD16-18 6 0.1021656929221373 0.31705163961610544 0.25559060809167444 -0.9740053923364 0.8136755954170032
DD16-18 7 0.1017407416675202 0.3183882761858824 0.2566694264902905 -0.973538227939406 0.8140883780723855
DD16-18 8 0.08526144338753801 0.23084851595391198 0.18626984595849796 -0.97106865282522 0.8773633801493511
DD16-18 9 0.07841380030430274 0.2330490477838094 0.18815334480459198 -0.948001691840064 0.931716247225799
DD16-18 10 0.07834171358602045 0.23309685085688323 0.1881912898425626 -0.9470121466417719 0.9317227214511045
DD16-19 2 0.0 0.0 0.0 0.0 0.0
DD16-19 3 0.0 0.0 0.0 0.0 0.0
DD16-19 4 0.0 0.0 0.0 0.0 0.0
DD16-19 5 0.0 0.0 0.0 0.0 0.0
DD16-19 6 0.0 0.0 0.0 0.0 0.0
DD16-19 7 0.0 0.0 0.0 0.0 0.0
DD16-19 8 0.0 0.0 0.0 0.0 0.0
DD16-19 9 0.0 0.0 0.0 0.0 0.0
DD16-19 10 0.1066976503393627 0.12349040016428008 0.10080472764650662 -0.9804760468007115 0.6385355945449402
DD16-20 2 0.12097366912827676 0.36795331581527785 0.29445771363808576 -0.9635456483288098 0.7836891908337285
DD16-20 3 0.13450467478237904 0.3836780224577677 0.3076643103568597 -0.9625738947898115 0.8236580227327307
DD16-20 4 0.13580040887678055 0.38684410078981124 0.3103601476841307 -0.9638742209074405 0.8289657168888308
DD16-20 5 0.1354202633000824 0.3876534906711019 0.31063843245248646 -0.9605714787569347 0.8325848760999481
DD16-20 6 0.1347079151487011 0.38787208058457756 0.31086965538681655 -0.9668778568874691 0.835730949441968
DD16-20 7 0.1398917644204379 0.3956356060876118 0.31768810771274114 -0.9645363908698554 0.8574979417829564
DD16-20 8 0.13968221807533215 0.39586645201770926 0.3179262819355314 -0.9619101038758804 0.8628785846067619
DD16-20 9 0.13945057020643903 0.3942868850403416 0.3166954232152621 -0.9668778568874691 0.8665178854648901
DD16-20 10 0.14180229158038443 0.3848490550815625 0.3089359429374794 -0.9581183216664588 0.8676564841342287
DD16-21 2 0.11376936563755699 0.04225827942565927 0.034521332233625614 -0.9766060524398474 0.5653763363842559
DD16-21 3 0.11376936563755699 0.04225827942565927 0.034521332233625614 -0.9766060524398474 0.5653763363842559
DD16-21 4 0.11376936563755699 0.04225827942565927 0.034521332233625614 -0.9766060524398474 0.5653763363842559
DD16-21 5 0.11376936563755699 0.04225827942565927 0.034521332233625614 -0.9766060524398474 0.5653763363842559
DD16-21 6 0.11376936563755699 0.04225827942565927 0.034521332233625614 -0.9766060524398474 0.5653763363842559
DD16-21 7 0.11376936563755699 0.04225827942565927 0.034521332233625614 -0.9766060524398474 0.5653763363842559
DD16-21 8 0.11376936563755699 0.04225827942565927 0.034521332233625614 -0.9766060524398474 0.5653763363842559
DD16-21 9 0.11376936563755699 0.04225827942565927 0.034521332233625614 -0.9766060524398474 0.5653763363842559
DD16-21 10 0.11376936563755699 0.04225827942565927 0.034521332233625614 -0.9766060524398474 0.5653763363842559
DD16-22 2 0.08203532694529875 0.1754396192700597 0.14340496580302237 -0.9681185487281088 0.8107211716721713
DD16-22 3 0.08248345184469194 0.17557563636348228 0.14352477603187488 -0.9528232465792323 0.8585146274963428
DD16-22 4 0.08231808635785488 0.17623945672067665 0.14410306509747178 -0.9369039146656677 0.9146375489085208
DD16-22 5 0.08231808635785488 0.17623945672067665 0.14410306509747178 -0.9369039146656677 0.9146375489085208
DD16-22 6 0.08481081425163203 0.17495957043580632 0.14305404097550972 -0.9299740621447173 0.9253176101918295
DD16-22 7 0.08453100362258759 0.1751495880215598 0.14321029734036922 -0.9300552310590612 0.9262058302037082
DD16-22 8 0.08661903665948889 0.17264260293871095 0.14114519490546837 -0.9165477694095889 0.9369169828595075
DD16-22 9 0.08832574507284113 0.17206261612329604 0.14067363865141858 -0.9162772549693406 0.9368395876454039
DD16-22 10 0.08928455424802459 0.1726512641795781 0.14121795905713894 -0.9171089672538923 0.9411582561704465
DD16-23 2 0.048209146774306516 0.22734310686118595 0.18515156700586094 -0.9787518541806386 0.7126741226543519
DD16-23 3 0.04814549842952148 0.22930256655268338 0.18667619635910654 -0.9847518974545431 0.7227845266975871
DD16-23 4 0.04799079339664499 0.23126506281526674 0.18822346577630183 -0.9778657933429891 0.7278006511954274
DD16-23 5 0.04634053318377443 0.23680583405194977 0.19253938113335245 -0.9670715514339572 0.7747713695833418
DD16-23 6 0.04641387785934219 0.23638012026825744 0.1921844139601183 -0.9648161983032699 0.7744072299058491
DD16-23 7 0.04634964639075437 0.23670023042079097 0.1924454584465985 -0.9693868648918796 0.7749093302126038
DD16-23 8 0.046247777119363995 0.24399048851319438 0.19845554206726396 -0.9688945645575022 0.782331181275143
DD16-23 9 0.0558877206995012 0.2106845226825118 0.17152844074266696 -0.9712606913792143 0.780128900710679
DD16-23 10 0.05572602113407982 0.21075101555327913 0.17158948512347244 -0.9706773174959054 0.7806072040999108
DD16-24 2 0.13585761558168288 0.20704496332805575 0.16798551811060977 -0.9620706686448479 0.7145047845154886
DD16-24 3 0.1443741900021591 0.20674812144216773 0.1676621156098454 -0.9739499430310856 0.658582918111015
DD16-24 4 0.1477491966462049 0.2108993267821521 0.17116384369333137 -0.9730381898017402 0.6784651835390074
DD16-24 5 0.1567089630681079 0.2120099014483645 0.1721896169331155 -0.9764576298515351 0.7114628385138609
DD16-24 6 0.16787110205242053 0.21599760456275538 0.17555400572200505 -0.9766476413192163 0.7368117084114466
DD16-24 7 0.16985059739133898 0.2213771568590559 0.1800415587293443 -0.9664008813259181 0.7534432947744848
DD16-24 8 0.170140969987968 0.22324723970375301 0.1815951500983486 -0.9637986717362506 0.7688247433283627
DD16-24 9 0.16920942490337057 0.22433568882693408 0.18249700783550624 -0.9618032146848098 0.7741102592235033
DD16-24 10 0.1683922294510163 0.22515222743895033 0.1831931529762415 -0.9612113149572322 0.7759547896710649
DD16-25 2 0.13797225180627273 0.08607258304355116 0.07040361145825404 -0.9718255713837602 0.6018383840928525
DD16-25 3 0.13959922340097589 0.08502006031862078 0.06954067779587057 -0.9612723042838389 0.6131698406712436
DD16-25 4 0.13959922340097589 0.08502006031862078 0.06954067779587057 -0.9612723042838389 0.6131698406712436
DD16-25 5 0.13959922340097589 0.08502006031862078 0.06954067779587057 -0.9612723042838389 0.6131698406712436
DD16-25 6 0.13959922340097589 0.08502006031862078 0.06954067779587057 -0.9612723042838389 0.6131698406712436
DD16-25 7 0.13959922340097589 0.08502006031862078 0.06954067779587057 -0.9612723042838389 0.6131698406712436
DD16-25 8 0.13944332383679361 0.08534864096966097 0.06980911806932355 -0.9660436893866349 0.6221664063460175
DD16-25 9 0.13839069329425915 0.08408244633911546 0.06877496388026778 -0.9647944346801072 0.6272161757649195
DD16-25 10 0.13839069329425915 0.08408244633911546 0.06877496388026778 -0.9647944346801072 0.6272161757649195
DD16-26 2 0.0 0.0 0.0 0.0 0.0
DD16-26 3 0.0 0.0 0.0 0.0 0.0
DD16-26 4 0.0 0.0 0.0 0.0 0.0
DD16-26 5 0.0 0.0 0.0 0.0 0.0
DD16-26 6 0.0 0.0 0.0 0.0 0.0
DD16-26 7 0.0681699328319268 0.43673491103468726 0.3566815208474256 -0.9923414060315676 0.8928256120030297
DD16-26 8 0.07129376404332062 0.3220004236794775 0.2627062041223184 -0.9902622372055083 0.7043098679642732
DD16-26 9 0.07586668761224864 0.3510389814118861 0.2865450497945889 -0.9849518116798934 0.868089781755027
DD16-26 10 0.0962059714726275 0.3397918864075476 0.2774607546414897 -0.9931601685068396 0.8569023883955875
DD16-27 2 0.07578804327885455 0.16190904795014321 0.13133954527762481 -0.9996483672570116 0.6889058563359352
DD16-27 3 0.09517922533683856 0.18039525530238087 0.1463685605636945 -1.0 0.6985035753996696
DD16-27 4 0.1360116786421165 0.265525631127744 0.21132459633788397 -0.9896889895400931 0.7798440242754215
DD16-27 5 0.15093910169638916 0.30659285357345345 0.24390719440677455 -0.9943067937813552 0.7670776022674849
DD16-27 6 0.16339462258742168 0.3142833039125127 0.24994548167618236 -0.9920844395896756 0.7712970525615032
DD16-27 7 0.16133659184955088 0.3148045924448966 0.25068759713709604 -0.9930014660496805 0.7747386404554494
DD16-27 8 0.14500877522540168 0.3271232416057239 0.26236987869185474 -0.9819658063962802 0.8237331026106474
DD16-27 9 0.14442466141303623 0.3280129118948134 0.2631062408605072 -0.9859718458601886 0.8214942718276607
DD16-27 10 0.1488245222009473 0.2970593219370537 0.23915973587795797 -0.9926553097194883 0.7475036592735563
