DD16-1  0.0 0.008759983303594805 0.013099834774662983 0.19556053811684987 0.19480857522009515 0.13708575481352078 0.15414017334011004
DD16-1  0.0 0.002415123977379563 0.007131167266602705 0.1593747155706532 0.16402502644592043 0.1514556591905854 0.15414017334011004
DD16-1  0.0 0.008621764139907274 0.01321761192452464 0.1907539260838228 0.19099209383381863 0.1452305960833622 0.15414017334011004
DD16-1  0.0 0.030079864398282127 0.02932281228386341 0.19438321142341627 0.19444071525263962 0.13708575481352078 0.15414017334011004
DD16-1  0.0 0.023161201019766306 0.02543528667860361 0.1934500460338552 0.19323588384585436 0.13708575481352078 0.15414017334011004
DD16-1  0.0 0.0039930033280567104 0.00846266332425697 0.19129228043918253 0.1904207801008371 0.14259704080897154 0.15414017334011004
DD16-1  0.0 0.035037511357982484 0.03296488880247573 0.19348435989308896 0.1936276380197805 0.13708575481352078 0.15414017334011004
DD16-1  0.0 0.019163599599875538 0.02259659952240975 0.19344112296002006 0.19348369375835625 0.1452305960833622 0.15414017334011004
DD16-1  0.0 0.00700162317389384 0.011503735884155451 0.18532834966128 0.18545626567182769 0.1425241355893685 0.15414017334011004
DD16-1  0.0 0.04040616017327689 0.03827266734225188 0.19612662802627334 0.19612117103689403 0.13708575481352078 0.15414017334011004
DD16-1  0.0 0.01697161861480693 0.020750910778247547 0.17795266787534028 0.17770506472360384 0.13708575481352078 0.15414017334011004
DD16-1  0.0 0.014133057162050261 0.01850781106567401 0.19448449925669237 0.19425324886916748 0.13708575481352078 0.15414017334011004
DD16-1  0.0 0.0048886359238831945 0.009509373732009066 0.1729437043987394 0.17461697411699137 0.15257224795550658 0.15414017334011004
DD16-1  0.0 0.024578894221018718 0.02602855544989403 0.19223863859421808 0.19219841497016873 0.13708575481352078 0.15414017334011004
DD16-1  0.0 0.022789494543449196 0.024781080472441874 0.19273618658893102 0.19269687987441622 0.13708575481352078 0.15414017334011004
DD16-1  0.0 0.012106981781250038 0.01655214969393928 0.19210056030601116 0.19203686290979152 0.14415784840043996 0.15414017334011004
DD16-1  0.0 0.031154699456356884 0.029915153991729587 0.19262540403561282 0.1926301928834143 0.13708575481352078 0.15414017334011004
DD16-1  0.0 0.03280815303293367 0.030806412995214028 0.1927384621653502 0.1927407109400439 0.13708575481352078 0.15414017334011004
DD16-1  0.0 0.0013874610043492165 0.006273821829787932 0.18551049682233844 0.18926610441095915 0.15192580659343174 0.15414017334011004
DD16-1  0.0 0.02455429055216565 0.025635573871982623 0.18214393083507427 0.18213949132088242 0.13708575481352078 0.15414017334011004
DD16-1  0.05 0.07887905217065896 0.05507033715652274 0.1766511607462421 0.17528198433926886 0.13708575481352078 0.15414017334011004
DD16-1  0.05 0.07928164590278279 0.055337201190292874 0.18742922770442544 0.18742786517016924 0.13708575481352078 0.15414017334011004
DD16-1  0.05 0.07883401339663088 0.054947505970556004 0.19177851421413317 0.19164203970908616 0.13708575481352078 0.15414017334011004
DD16-1  0.05 0.06674283054577904 0.05091916271001482 0.19178199397037965 0.19149932318708704 0.13708575481352078 0.15414017334011004
DD16-1  0.05 0.07495182786926546 0.05370373546441707 0.19544055239390698 0.19523600028691515 0.13708575481352078 0.15414017334011004
DD16-1  0.05 0.06522511184067648 0.05077696656387506 0.19172667905043653 0.1914118037150553 0.13708575481352078 0.15414017334011004
DD16-1  0.05 0.07037522918196906 0.05214377020717209 0.19108476568767546 0.19085385152566192 0.13708575481352078 0.15414017334011004
DD16-1  0.05 0.06766211761029041 0.05124438061266771 0.1954166799593134 0.19520503963876706 0.13708575481352078 0.15414017334011004
DD16-1  0.05 0.05664878166015269 0.05068976108185121 0.1918371271724698 0.19147560208438322 0.13708575481352078 0.15414017334011004
DD16-1  0.05 0.050443891461058675 0.04600854427277745 0.19243771286189534 0.1925138898614015 0.13708575481352078 0.15414017334011004
DD16-1  0.05 0.07447558842434326 0.05373213690503174 0.19591436782185473 0.19592045351723136 0.13708575481352078 0.15414017334011004
DD16-1  0.05 0.09870199447142453 0.06156820473561545 0.17172717310462463 0.17169405605484264 0.13708575481352078 0.15414017334011004
DD16-1  0.05 0.05282587835022417 0.04790038447608424 0.19592445493402472 0.19593254166973936 0.13708575481352078 0.15414017334011004
DD16-1  0.05 0.0648785911031447 0.05077696656387506 0.19162353958152448 0.19144212238090116 0.13708575481352078 0.15414017334011004
DD16-1  0.05 0.06476983309329916 0.05077696656387506 0.19170441035825736 0.1913896953668341 0.13708575481352078 0.15414017334011004
DD16-1  0.05 0.0891061963534554 0.058398645128605244 0.17695449790840467 0.17693460244332207 0.13708575481352078 0.15414017334011004
DD16-1  0.05 0.09965959759002364 0.06200840057164168 0.17214160742019743 0.1720749640944429 0.13708575481352078 0.15414017334011004
DD16-1  0.05 0.09252875683088191 0.05960163404507563 0.1746905187407384 0.17469325311573844 0.13708575481352078 0.15414017334011004
DD16-1  0.05 0.07233898760222256 0.05279251908829171 0.18832952411327294 0.18815303179089884 0.13708575481352078 0.15414017334011004
DD16-1  0.05 0.057095520901539576 0.05077696656387506 0.19177712448489218 0.19146720313272264 0.13708575481352078 0.15414017334011004
DD16-1  0.1 0.12870436386226647 0.06633333333333334 0.17412671464421428 0.17412723547754763 0.13708575481352078 0.15414017334011004
DD16-1  0.1 0.12138959954083481 0.06633333333333334 0.17215796464421423 0.1721590063108809 0.13708575481352078 0.15414017334011004
DD16-1  0.1 0.12945662509227004 0.06633333333333334 0.16994376904016495 0.16940709916300198 0.13708575481352078 0.15414017334011004
DD16-1  0.1 0.1319560919835947 0.06633333333333334 0.17724384857243358 0.17717262935382194 0.13708575481352078 0.15414017334011004
DD16-1  0.1 0.11712591621774103 0.06633333333333334 0.17322413417984261 0.17318608781458442 0.13708575481352078 0.15414017334011004
DD16-1  0.1 0.10858395416328653 0.06487437125121344 0.1735520867835919 0.17187475854888773 0.13708575481352078 0.15414017334011004
DD16-1  0.1 0.14281315848426057 0.06633333333333334 0.16977353771479697 0.16849900324771638 0.13708575481352078 0.15414017334011004
DD16-1  0.1 0.10330311693686084 0.06323853535664625 0.1680073049010238 0.1684419078550312 0.13708575481352078 0.15414017334011004
DD16-1  0.1 0.1297089922261265 0.06633333333333334 0.17351766404425917 0.1733849439648323 0.13708575481352078 0.15414017334011004
DD16-1  0.1 0.13273939875590351 0.06633333333333334 0.17073202230914972 0.16945097463161363 0.13708575481352078 0.15414017334011004
DD16-1  0.1 0.12167487293015239 0.06633333333333334 0.17216546785471057 0.1721659886880439 0.13708575481352078 0.15414017334011004
DD16-1  0.1 0.13450237841600562 0.06633333333333334 0.17285898077895603 0.17092619198125103 0.13708575481352078 0.15414017334011004
DD16-1  0.1 0.10670959209493223 0.06432286845503782 0.1741568232737018 0.17415734410703515 0.13708575481352078 0.15414017334011004
DD16-1  0.1 0.12088264648766894 0.06633333333333334 0.17021981700173647 0.16895833809967598 0.13708575481352078 0.15414017334011004
DD16-1  0.1 0.1461876231053412 0.06633333333333334 0.17045850318195488 0.16920172354527846 0.13708575481352078 0.15414017334011004
DD16-1  0.1 0.13529488562996791 0.06633333333333334 0.17078257827512464 0.16910229446975497 0.13708575481352078 0.15414017334011004
DD16-1  0.1 0.13563470374011255 0.06633333333333334 0.1735188055432372 0.17184199814186638 0.13708575481352078 0.15414017334011004
DD16-1  0.1 0.10393687289555596 0.0633194562562151 0.17995578650170085 0.17845570904276392 0.13708575481352078 0.15414017334011004
DD16-1  0.1 0.13207574475738149 0.06633333333333334 0.17392259990455966 0.17234213977084067 0.13708575481352078 0.15414017334011004
DD16-1  0.1 0.11711449745901477 0.06633333333333334 0.16981266984862156 0.16981423234862156 0.13708575481352078 0.15414017334011004
DD16-1  0.15000000000000002 0.19833968049627376 0.06633333333333334 0.16969030804228769 0.16855308526692084 0.13708575481352078 0.15414017334011004
DD16-1  0.15000000000000002 0.18095613929876117 0.06633333333333334 0.17606634544045086 0.17607559606485476 0.13708575481352078 0.15414017334011004
DD16-1  0.15000000000000002 0.1665215775436529 0.06633333333333334 0.17286994448445955 0.17287150698445955 0.13708575481352078 0.15414017334011004
DD16-1  0.15000000000000002 0.18129718561092484 0.06633333333333334 0.16991868296494697 0.16874606978197623 0.13708575481352078 0.15414017334011004
DD16-1  0.15000000000000002 0.19698517241773814 0.06633333333333334 0.16890205278509068 0.16603932834167595 0.13708575481352078 0.15414017334011004
DD16-1  0.15000000000000002 0.19778410738507063 0.06633333333333334 0.17280005554323719 0.17168725854888778 0.13708575481352078 0.15414017334011004
DD16-1  0.15000000000000002 0.17372098874546735 0.06633333333333334 0.1667380654642637 0.16669983308710073 0.13708575481352078 0.15414017334011004
DD16-1  0.15000000000000002 0.18423187755025716 0.06633333333333334 0.17173010224999238 0.1706178260889763 0.13708575481352078 0.15414017334011004
DD16-1  0.15000000000000002 0.1708913061191636 0.06633333333333334 0.17459273806311099 0.17301302197701104 0.13708575481352078 0.15414017334011004
DD16-1  0.15000000000000002 0.1910303265600014 0.06633333333333334 0.16802046300121629 0.1671668705422877 0.13708575481352078 0.15414017334011004
DD16-1  0.15000000000000002 0.1789067291384473 0.06633333333333334 0.17390322572481426 0.17377468407743815 0.13708575481352078 0.15414017334011004
DD16-1  0.15000000000000002 0.16422001316645699 0.06633333333333334 0.17009050276383816 0.16863817107343324 0.13708575481352078 0.15414017334011004
DD16-1  0.15000000000000002 0.1691847046121121 0.06633333333333334 0.17221888550366754 0.17055309716210776 0.13708575481352078 0.15414017334011004
DD16-1  0.15000000000000002 0.18448898249227486 0.06633333333333334 0.16913121398585573 0.16909298160869274 0.13708575481352078 0.15414017334011004
DD16-1  0.15000000000000002 0.19144357228136266 0.06633333333333334 0.1671610199511371 0.16701780802299715 0.13708575481352078 0.15414017334011004
DD16-1  0.15000000000000002 0.16518891730288177 0.06633333333333334 0.1672924742123375 0.16643784008674228 0.13708575481352078 0.15414017334011004
DD16-1  0.15000000000000002 0.15672406189045013 0.06633333333333334 0.17195725016353855 0.17195777099687187 0.13708575481352078 0.15414017334011004
DD16-1  0.15000000000000002 0.18214189322222868 0.06633333333333334 0.1700530344319549 0.16998824277493352 0.13708575481352078 0.15414017334011004
DD16-1  0.15000000000000002 0.19176816126317728 0.06633333333333334 0.1751966546112747 0.17177792483668783 0.13708575481352078 0.15414017334011004
DD16-1  0.15000000000000002 0.184656974787896 0.06633333333333334 0.17159515621453422 0.17023987974293803 0.13708575481352078 0.15414017334011004
DD16-1  0.2 0.24123792890390328 0.06633333333333334 0.1733131763931055 0.1717326790570056 0.13708575481352078 0.15414017334011004
DD16-1  0.2 0.24374223571790338 0.06633333333333334 0.17500339333261966 0.17500495583261966 0.13708575481352078 0.15414017334011004
DD16-1  0.2 0.21961388442604823 0.06633333333333334 0.17487384213056525 0.17214824814186636 0.13708575481352078 0.15414017334011004
DD16-1  0.2 0.22762441973676925 0.06633333333333334 0.1679507828139011 0.16795182448056778 0.13708575481352078 0.15414017334011004
DD16-1  0.2 0.2081110838105815 0.06633333333333334 0.17478464333261967 0.1746709506654165 0.13708575481352078 0.15414017334011004
DD16-1  0.2 0.21122374783200293 0.06633333333333334 0.16917568187861182 0.16760129763526632 0.13708575481352078 0.15414017334011004
DD16-1  0.2 0.23186245539014466 0.06633333333333334 0.1748874810717876 0.17315075169624447 0.13708575481352078 0.15414017334011004
DD16-1  0.2 0.21674111350679398 0.06633333333333334 0.17321463773187354 0.1731381729775476 0.13708575481352078 0.15414017334011004
DD16-1  0.2 0.21179384918500796 0.06633333333333334 0.1704749872974377 0.16744237449741817 0.13708575481352078 0.15414017334011004
DD16-1  0.2 0.24578939160248753 0.06633333333333334 0.168271435838368 0.16699742220462072 0.13708575481352078 0.15414017334011004
DD16-1  0.2 0.245951116577895 0.06633333333333334 0.17113038417984264 0.1704577709968719 0.13708575481352078 0.15414017334011004
DD16-1  0.2 0.23369421338177848 0.06633333333333334 0.17377336598556742 0.17132030628250516 0.13708575481352078 0.15414017334011004
DD16-1  0.2 0.21481286241832653 0.06633333333333334 0.17489893249371938 0.17490049499371937 0.13708575481352078 0.15414017334011004
DD16-1  0.2 0.2312727607427486 0.06633333333333334 0.16745184442073932 0.1640799444320713 0.13708575481352078 0.15414017334011004
DD16-1  0.2 0.2046284973108224 0.06633333333333334 0.16818062053264246 0.16540252914857537 0.13708575481352078 0.15414017334011004
DD16-1  0.2 0.24757568534419705 0.06633333333333334 0.17404779355249705 0.1722423816055929 0.13708575481352078 0.15414017334011004
DD16-1  0.2 0.23566306455653613 0.06633333333333334 0.169418682964947 0.1693435574963353 0.13708575481352078 0.15414017334011004
DD16-1  0.2 0.24275573719053853 0.06633333333333334 0.17434568177584914 0.1744038194674182 0.13708575481352078 0.15414017334011004
DD16-1  0.2 0.24523237083304653 0.06633333333333334 0.17038228976928294 0.1692059403030883 0.13708575481352078 0.15414017334011004
DD16-1  0.2 0.23025692864332048 0.06633333333333334 0.17120077230914973 0.1698815294568316 0.13708575481352078 0.15414017334011004
DD16-1  0.25 0.2695419620100813 0.06633333333333334 0.17150650330544617 0.17009233781458433 0.13708575481352078 0.15414017334011004
DD16-1  0.25 0.296037360390266 0.06633333333333334 0.17584534900205295 0.1747643308326197 0.13708575481352078 0.15414017334011004
DD16-1  0.25 0.28757413401393445 0.06633333333333334 0.17072175793964406 0.16947746602482286 0.13708575481352078 0.15414017334011004
DD16-1  0.25 0.26906426084357504 0.06633333333333334 0.1680236413756211 0.16796015180193302 0.13708575481352078 0.15414017334011004
DD16-1  0.25 0.274890199648669 0.06633333333333334 0.16760077680193297 0.16562950675340896 0.13708575481352078 0.15414017334011004
DD16-1  0.25 0.2741512716893524 0.06633333333333334 0.169843036663002 0.16913651442084696 0.13708575481352078 0.15414017334011004
DD16-1  0.25 0.2547169376093164 0.06633333333333334 0.16856925836114925 0.16849801131374814 0.13708575481352078 0.15414017334011004
DD16-1  0.25 0.28353012530846944 0.06633333333333334 0.17348745227084073 0.17038257112349833 0.13708575481352078 0.15414017334011004
DD16-1  0.25 0.2717803834760574 0.06633333333333334 0.17886786102379176 0.17778749389602516 0.13708575481352078 0.15414017334011004
DD16-1  0.25 0.27328943229042096 0.06633333333333334 0.175229646543116 0.17358866827895608 0.13708575481352078 0.15414017334011004
DD16-1  0.25 0.2562242686529611 0.06633333333333334 0.1677781810875136 0.1677781810875136 0.13708575481352078 0.15414017334011004
DD16-1  0.25 0.2616940950589138 0.06633333333333334 0.1687298392826424 0.16866582887562104 0.13708575481352078 0.15414017334011004
DD16-1  0.25 0.29071896556871896 0.06633333333333334 0.1714485107418815 0.17135937626659647 0.13708575481352078 0.15414017334011004
DD16-1  0.25 0.2735095234928013 0.06633333333333334 0.17112272730853303 0.17112507105853308 0.13708575481352078 0.15414017334011004
DD16-1  0.25 0.28519123879942443 0.06633333333333334 0.17053090410448973 0.1689083966581536 0.13708575481352078 0.15414017334011004
DD16-1  0.25 0.2561153935742767 0.06633333333333334 0.17336458678359193 0.17162324814186636 0.13708575481352078 0.15414017334011004
DD16-1  0.25 0.2840690589754009 0.06633333333333334 0.1723056731826092 0.1707246550131759 0.13708575481352078 0.15414017334011004
DD16-1  0.25 0.2788776581444125 0.06633333333333334 0.16983048779016494 0.16815839544052755 0.13708575481352078 0.15414017334011004
DD16-1  0.25 0.2513470829638373 0.06633333333333334 0.16999891683020518 0.16996120528637554 0.13708575481352078 0.15414017334011004
DD16-1  0.25 0.2809244113959806 0.06633333333333334 0.17216163417984262 0.17048902099687185 0.13708575481352078 0.15414017334011004
DD16-1  0.30000000000000004 0.3314687579018092 0.06633333333333334 0.17003475658453113 0.16995881266353852 0.13708575481352078 0.15414017334011004
DD16-1  0.30000000000000004 0.3053758526576547 0.06633333333333334 0.16825911614723446 0.16754793576567212 0.13708575481352078 0.15414017334011004
DD16-1  0.30000000000000004 0.3151987791482938 0.06633333333333334 0.17433869448445954 0.1742757257441048 0.13708575481352078 0.15414017334011004
DD16-1  0.30000000000000004 0.3404762356087321 0.06633333333333334 0.16741322983623924 0.16466771850413398 0.13708575481352078 0.15414017334011004
DD16-1  0.30000000000000004 0.3480892854696246 0.06633333333333334 0.17605593910777903 0.17601251274315236 0.13708575481352078 0.15414017334011004
DD16-1  0.30000000000000004 0.3340951560701779 0.06633333333333334 0.1777205039199269 0.17405508604095302 0.13708575481352078 0.15414017334011004
DD16-1  0.30000000000000004 0.31728533546378584 0.06633333333333334 0.16918125821529906 0.16927152401528825 0.13708575481352078 0.15414017334011004
DD16-1  0.30000000000000004 0.312846318264266 0.06633333333333334 0.16882974435932124 0.1681918705422877 0.13708575481352078 0.15414017334011004
DD16-1  0.30000000000000004 0.3248256787559216 0.06633333333333334 0.1707766793643747 0.17060744981884146 0.13708575481352078 0.15414017334011004
DD16-1  0.30000000000000004 0.34477412544153335 0.06633333333333334 0.16826318187861183 0.16820015024009993 0.13708575481352078 0.15414017334011004
DD16-1  0.30000000000000004 0.32048613467285686 0.06633333333333334 0.17318921464421425 0.17315181932062274 0.13708575481352078 0.15414017334011004
DD16-1  0.30000000000000004 0.3432511539744891 0.06633333333333334 0.17002100318195487 0.16995816464993355 0.13708575481352078 0.15414017334011004
DD16-1  0.30000000000000004 0.34922154662829374 0.06633333333333334 0.17793036102379173 0.17634934285435847 0.13708575481352078 0.15414017334011004
DD16-1  0.30000000000000004 0.30847063272183295 0.06633333333333334 0.16695439410237525 0.16592203658548224 0.13708575481352078 0.15414017334011004
DD16-1  0.30000000000000004 0.3414440995541408 0.06633333333333334 0.16886927559967596 0.1681663497089544 0.13708575481352078 0.15414017334011004
DD16-1  0.30000000000000004 0.32116485554605123 0.06633333333333334 0.17001025314270482 0.16855792145229986 0.13708575481352078 0.15414017334011004
DD16-1  0.30000000000000004 0.30607754293871414 0.06633333333333334 0.1695444747089544 0.16954551637562104 0.13708575481352078 0.15414017334011004
DD16-1  0.30000000000000004 0.3459997651068544 0.06633333333333334 0.17066521311896654 0.17066625478563321 0.13708575481352078 0.15414017334011004
DD16-1  0.30000000000000004 0.34266208056900455 0.06633333333333334 0.1715547889988031 0.170690725214797 0.13708575481352078 0.15414017334011004
DD16-1  0.30000000000000004 0.3386865441687615 0.06633333333333334 0.16939253327153891 0.16925929235877873 0.13708575481352078 0.15414017334011004
DD16-1  0.35000000000000003 0.39003391722592745 0.06633333333333334 0.17143225016353852 0.16754845659900547 0.13708575481352078 0.15414017334011004
DD16-1  0.35000000000000003 0.3711515098089075 0.06633333333333334 0.17205124283686402 0.17025414211631154 0.13708575481352078 0.15414017334011004
DD16-1  0.35000000000000003 0.3540290346795063 0.06633333333333334 0.17080541946975494 0.16792090041876226 0.13708575481352078 0.15414017334011004
DD16-1  0.35000000000000003 0.3688082681472433 0.06633333333333334 0.1756382504364846 0.17312358781458442 0.13708575481352078 0.15414017334011004
DD16-1  0.35000000000000003 0.36883662058084243 0.06633333333333334 0.172885551535336 0.17139855525564296 0.13708575481352078 0.15414017334011004
DD16-1  0.35000000000000003 0.37824809160485884 0.06633333333333334 0.1718451165686365 0.17130268226750187 0.13708575481352078 0.15414017334011004
DD16-1  0.35000000000000003 0.38008496439177397 0.06633333333333334 0.17330027604494141 0.17122141589819637 0.13708575481352078 0.15414017334011004
DD16-1  0.35000000000000003 0.3533207523198843 0.06633333333333334 0.17043705726750186 0.17032202531458437 0.13708575481352078 0.15414017334011004
DD16-1  0.35000000000000003 0.3766234609629403 0.06633333333333334 0.17451451231214232 0.17333887678577153 0.13708575481352078 0.15414017334011004
DD16-1  0.35000000000000003 0.38524360161066173 0.06633333333333334 0.1734875555432372 0.17052152401528822 0.13708575481352078 0.15414017334011004
DD16-1  0.35000000000000003 0.37225021865347496 0.06633333333333334 0.16915669297013822 0.16838215850305757 0.13708575481352078 0.15414017334011004
DD16-1  0.35000000000000003 0.3657217357692944 0.06633333333333334 0.17128177446249626 0.16943914417170128 0.13708575481352078 0.15414017334011004
DD16-1  0.35000000000000003 0.3711119839404198 0.06633333333333334 0.170393682964947 0.16922159061530956 0.13708575481352078 0.15414017334011004
DD16-1  0.35000000000000003 0.38400743055072145 0.06633333333333334 0.16980328430455935 0.16712629763526632 0.13708575481352078 0.15414017334011004
DD16-1  0.35000000000000003 0.3974486227266683 0.06633333333333334 0.16982537994636457 0.16975667027395908 0.13708575481352078 0.15414017334011004
DD16-1  0.35000000000000003 0.36870905208413046 0.06633333333333334 0.1712628873903389 0.17126340822367223 0.13708575481352078 0.15414017334011004
DD16-1  0.35000000000000003 0.36931104305281115 0.06633333333333334 0.17551654355249702 0.1738397361511262 0.13708575481352078 0.15414017334011004
DD16-1  0.35000000000000003 0.3615604117353966 0.06633333333333334 0.17337204866296918 0.17332760543326317 0.13708575481352078 0.15414017334011004
DD16-1  0.35000000000000003 0.38752054638210465 0.06633333333333334 0.1730448795676822 0.17223095645590913 0.13708575481352078 0.15414017334011004
DD16-1  0.35000000000000003 0.3917048747194086 0.06633333333333334 0.17298745227084072 0.16917042348003125 0.13708575481352078 0.15414017334011004
DD16-1  0.4 0.4453911942267989 0.06633333333333334 0.17240548771555442 0.17234147730853303 0.13708575481352078 0.15414017334011004
DD16-1  0.4 0.4199414605678781 0.06633333333333334 0.17008231700173645 0.17001308649599767 0.13708575481352078 0.15414017334011004
DD16-1  0.4 0.4428019893136703 0.06633333333333334 0.17352564744562277 0.17038205029016498 0.13708575481352078 0.15414017334011004
DD16-1  0.4 0.4366071896377149 0.06633333333333334 0.1729749872974377 0.1705525763287744 0.13708575481352078 0.15414017334011004
DD16-1  0.4 0.4045503679619681 0.06633333333333334 0.1703788989567476 0.1693620360259879 0.13708575481352078 0.15414017334011004
DD16-1  0.4 0.4213211056800553 0.06633333333333334 0.17471242897880898 0.17303510074410483 0.13708575481352078 0.15414017334011004
DD16-1  0.4 0.4338939918136534 0.06633333333333334 0.17150330019626384 0.16952204484862157 0.13708575481352078 0.15414017334011004
DD16-1  0.4 0.4148822063712804 0.06633333333333334 0.16722983928264246 0.1671663497089544 0.13708575481352078 0.15414017334011004
DD16-1  0.4 0.42051064085521006 0.06633333333333334 0.1720210031819549 0.17189344030308829 0.13708575481352078 0.15414017334011004
DD16-1  0.4 0.4277260906033277 0.06633333333333334 0.16331083519657585 0.16171373431011374 0.13708575481352078 0.15414017334011004
DD16-1  0.4 0.44192253201404064 0.06633333333333334 0.16920433670736817 0.16949943766353853 0.13708575481352078 0.15414017334011004
DD16-1  0.4 0.4007045315819966 0.06633333333333334 0.1729277924411819 0.17103834150335448 0.13708575481352078 0.15414017334011004
DD16-1  0.4 0.4101718587954079 0.06633333333333334 0.16927000306420464 0.1682969839522999 0.13708575481352078 0.15414017334011004
DD16-1  0.4 0.4308017830394402 0.06633333333333334 0.16914784963161364 0.16911017529016495 0.13708575481352078 0.15414017334011004
DD16-1  0.4 0.4110261898367506 0.06633333333333334 0.17275358984927588 0.17167309251317597 0.13708575481352078 0.15414017334011004
DD16-1  0.4 0.43369633121200996 0.06633333333333334 0.16724205800303765 0.1668430592252542 0.13708575481352078 0.15414017334011004
DD16-1  0.4 0.443140139942249 0.06633333333333334 0.17644059916038607 0.17631257834634328 0.13708575481352078 0.15414017334011004
DD16-1  0.4 0.4362900398825557 0.06633333333333334 0.16882974435932124 0.16926573395229988 0.13708575481352078 0.15414017334011004
DD16-1  0.4 0.41298358820310993 0.06633333333333334 0.176969804409819 0.17684934285435847 0.13708575481352078 0.15414017334011004
DD16-1  0.4 0.4321710485080592 0.06633333333333334 0.16870474435932128 0.16851265024009993 0.13708575481352078 0.15414017334011004
DD16-1  0.45 0.4916615321113839 0.06633333333333334 0.17124205405700557 0.17003068766353852 0.13708575481352078 0.15414017334011004
DD16-1  0.45 0.49550940033933144 0.06633333333333334 0.16959770058362572 0.16951027741786448 0.13708575481352078 0.15414017334011004
DD16-1  0.45 0.497782351479119 0.06633333333333334 0.16719030804228774 0.1665529550585875 0.13708575481352078 0.15414017334011004
DD16-1  0.45 0.47290203339536857 0.06633333333333334 0.17121774829970135 0.1708777219223096 0.13708575481352078 0.15414017334011004
DD16-1  0.45 0.4827968499606374 0.06633333333333334 0.17028311771639285 0.16933026519265457 0.13708575481352078 0.15414017334011004
DD16-1  0.45 0.4668250620414449 0.06633333333333334 0.17208692318260915 0.17100746751317591 0.13708575481352078 0.15414017334011004
DD16-1  0.45 0.4752420890869068 0.06633333333333334 0.17031158283843872 0.16882912746847029 0.13708575481352078 0.15414017334011004
DD16-1  0.45 0.48725052381221867 0.06633333333333334 0.1678680827915014 0.1674776712520956 0.13708575481352078 0.15414017334011004
DD16-1  0.45 0.4783389033465899 0.06633333333333334 0.16966348855192298 0.16962525617476001 0.13708575481352078 0.15414017334011004
DD16-1  0.45 0.4728890698649487 0.06633333333333334 0.17235665236090678 0.17077143226750188 0.13708575481352078 0.15414017334011004
DD16-1  0.45 0.4697987993150525 0.06633333333333334 0.1708245439380628 0.1676220840029059 0.13708575481352078 0.15414017334011004
DD16-1  0.45 0.48780966543365395 0.06633333333333334 0.16735389099675443 0.16628002758674232 0.13708575481352078 0.15414017334011004
DD16-1  0.45 0.45654548811161744 0.06633333333333334 0.16989397194160016 0.16812681846859967 0.13708575481352078 0.15414017334011004
DD16-1  0.45 0.4589340245553093 0.06633333333333334 0.17076032513823558 0.17072227877297738 0.13708575481352078 0.15414017334011004
DD16-1  0.45 0.4942997770231298 0.06633333333333334 0.17547867034597886 0.17437658875336468 0.13708575481352078 0.15414017334011004
DD16-1  0.45 0.45540845355043774 0.06633333333333334 0.1743387673937301 0.17417475698670873 0.13708575481352078 0.15414017334011004
DD16-1  0.45 0.49551307964850544 0.06633333333333334 0.17094735057437302 0.16918588582616903 0.13708575481352078 0.15414017334011004
DD16-1  0.45 0.48024646124324144 0.06633333333333334 0.1764383371696459 0.1764405507113126 0.13708575481352078 0.15414017334011004
DD16-1  0.45 0.4712210733691006 0.06633333333333334 0.1716133583843677 0.16915956731552753 0.13708575481352078 0.15414017334011004
DD16-1  0.45 0.4675801547290056 0.06633333333333334 0.16831162256822704 0.16823528802223447 0.13708575481352078 0.15414017334011004
DD16-1  0.5 0.5003546381496368 0.06633333333333334 0.168626566126583 0.16850004491438306 0.13708575481352078 0.15414017334011004
DD16-1  0.5 0.5244684032846791 0.06633333333333334 0.17098382651748967 0.16923736526580016 0.13708575481352078 0.15414017334011004
DD16-1  0.5 0.5069601365000209 0.06633333333333334 0.1710542844223096 0.1709902740152882 0.13708575481352078 0.15414017334011004
DD16-1  0.5 0.5366537693458209 0.06633333333333334 0.17472544948058885 0.17077878228644888 0.13708575481352078 0.15414017334011004
DD16-1  0.5 0.5150485241445154 0.06633333333333334 0.17646666036191852 0.1726968640185203 0.13708575481352078 0.15414017334011004
DD16-1  0.5 0.5370503676117592 0.06633333333333334 0.17312778246593408 0.1730900709221044 0.13708575481352078 0.15414017334011004
DD16-1  0.5 0.5232751219275799 0.06633333333333334 0.1725869758468621 0.17052132632877443 0.13708575481352078 0.15414017334011004
DD16-1  0.5 0.5106810913169744 0.06633333333333334 0.16769835577590514 0.166124492365893 0.13708575481352078 0.15414017334011004
DD16-1  0.5 0.5475709376666691 0.06633333333333334 0.1706928841798426 0.1688536043302052 0.13708575481352078 0.15414017334011004
DD16-1  0.5 0.527117053481229 0.06633333333333334 0.17441723775682832 0.174328326495829 0.13708575481352078 0.15414017334011004
DD16-1  0.5 0.5262992228068225 0.06633333333333334 0.1702827884731357 0.17028383013980236 0.13708575481352078 0.15414017334011004
DD16-1  0.5 0.5016134295439862 0.06633333333333334 0.1703231231815218 0.16931590692073933 0.13708575481352078 0.15414017334011004
DD16-1  0.5 0.5086732869146332 0.06633333333333334 0.17189463452137718 0.17189632722971054 0.13708575481352078 0.15414017334011004
DD16-1  0.5 0.5131642183359332 0.06633333333333334 0.165843356164136 0.16576637057647672 0.13708575481352078 0.15414017334011004
DD16-1  0.5 0.524532974395601 0.06633333333333334 0.17600339333261972 0.17596534696736146 0.13708575481352078 0.15414017334011004
DD16-1  0.5 0.5426652869040962 0.06633333333333334 0.17183213452137722 0.16998986385625106 0.13708575481352078 0.15414017334011004
DD16-1  0.5 0.5393853810681906 0.06633333333333334 0.16802843644814403 0.16621466687369732 0.13708575481352078 0.15414017334011004
DD16-1  0.5 0.5383079635457938 0.06633333333333334 0.17224720647519967 0.1670627451634211 0.13708575481352078 0.15414017334011004
DD16-1  0.5 0.5303035947631835 0.06633333333333334 0.16842693934406047 0.16842798101072712 0.13708575481352078 0.15414017334011004
DD16-1  0.5 0.5481287237052346 0.06633333333333334 0.17320947572481427 0.17164824814186638 0.13708575481352078 0.15414017334011004
DD16-1  0.55 0.5741681290032534 0.06633333333333334 0.16942416946975494 0.16942521113642162 0.13708575481352078 0.15414017334011004
DD16-1  0.55 0.5824088885501045 0.06633333333333334 0.17410000830424113 0.17396728822481428 0.13708575481352078 0.15414017334011004
DD16-1  0.55 0.585338547097482 0.06633333333333334 0.17057704763601297 0.16990495528637556 0.13708575481352078 0.15414017334011004
DD16-1  0.55 0.5651987157081022 0.06633333333333334 0.17483089975361232 0.17372953035471056 0.13708575481352078 0.15414017334011004
DD16-1  0.55 0.5560824347611791 0.06633333333333334 0.17583440125336466 0.17570683837449808 0.13708575481352078 0.15414017334011004
DD16-1  0.55 0.5964884667443825 0.06633333333333334 0.16963163766972425 0.168690436535977 0.13708575481352078 0.15414017334011004
DD16-1  0.55 0.5502626571813249 0.06633333333333334 0.17414494448445952 0.17264772730853303 0.13708575481352078 0.15414017334011004
DD16-1  0.55 0.5759964548144216 0.06633333333333334 0.17158053980853302 0.1685345360452785 0.13708575481352078 0.15414017334011004
DD16-1  0.55 0.5661233703321322 0.06633333333333334 0.16858041099336846 0.16849900324771638 0.13708575481352078 0.15414017334011004
DD16-1  0.55 0.5876767209086619 0.06633333333333334 0.1709016793643747 0.17083871062401998 0.13708575481352078 0.15414017334011004
DD16-1  0.55 0.5552709590558021 0.06633333333333334 0.17406875830424112 0.17393551739148094 0.13708575481352078 0.15414017334011004
DD16-1  0.55 0.5521986910736059 0.06633333333333334 0.17274769703300816 0.1726659886880439 0.13708575481352078 0.15414017334011004
DD16-1  0.55 0.57271778375574 0.06633333333333334 0.16783721561530954 0.16629359475755678 0.13708575481352078 0.15414017334011004
DD16-1  0.55 0.5780017878284779 0.06633333333333334 0.16351571157974656 0.16351623241307991 0.13708575481352078 0.15414017334011004
DD16-1  0.55 0.5671349202398868 0.06633333333333334 0.1655436060107272 0.16548818284208344 0.13708575481352078 0.15414017334011004
DD16-1  0.55 0.5720039241784103 0.06633333333333334 0.16950483799777116 0.1684958161960903 0.13708575481352078 0.15414017334011004
DD16-1  0.55 0.5816255686241377 0.06633333333333334 0.17361661802394665 0.17065162816266433 0.13708575481352078 0.15414017334011004
DD16-1  0.55 0.5745080474452705 0.06633333333333334 0.166643511087406 0.1652357935107272 0.13708575481352078 0.15414017334011004
DD16-1  0.55 0.5796637696164516 0.06633333333333334 0.16708270873319045 0.1659103096924218 0.13708575481352078 0.15414017334011004
DD16-1  0.55 0.5611464989077776 0.06633333333333334 0.17358333678359192 0.17184199814186638 0.13708575481352078 0.15414017334011004
DD16-1  0.6000000000000001 0.6195013255585639 0.06633333333333334 0.17474588773187358 0.17323507167984264 0.13708575481352078 0.15414017334011004
DD16-1  0.6000000000000001 0.6032886395436986 0.06633333333333334 0.17122413417984259 0.1706866086479177 0.13708575481352078 0.15414017334011004
DD16-1  0.6000000000000001 0.6357997767516177 0.06633333333333334 0.17395427430288246 0.17216108009202893 0.13708575481352078 0.15414017334011004
DD16-1  0.6000000000000001 0.6283420791628086 0.06633333333333334 0.17337285470574357 0.17079479643300932 0.13708575481352078 0.15414017334011004
DD16-1  0.6000000000000001 0.6023686931759764 0.06633333333333334 0.18390496859556396 0.18173143131733635 0.13708575481352078 0.15414017334011004
DD16-1  0.6000000000000001 0.644169848605198 0.06633333333333334 0.16802766102598796 0.1679641714522999 0.13708575481352078 0.15414017334011004
DD16-1  0.6000000000000001 0.6154039292277715 0.06633333333333334 0.17103880226407955 0.17054706990949298 0.13708575481352078 0.15414017334011004
DD16-1  0.6000000000000001 0.601529048064765 0.06633333333333334 0.16655087172525415 0.16698953279507564 0.13708575481352078 0.15414017334011004
DD16-1  0.6000000000000001 0.6309753544052574 0.06633333333333334 0.1726729710652069 0.17173966143416855 0.13708575481352078 0.15414017334011004
DD16-1  0.6000000000000001 0.6293777811041383 0.06633333333333334 0.16658704625209564 0.16517984950875012 0.13708575481352078 0.15414017334011004
DD16-1  0.6000000000000001 0.6442524512782795 0.06633333333333334 0.17348552430288247 0.1718091748366878 0.13708575481352078 0.15414017334011004
DD16-1  0.6000000000000001 0.62535930934197 0.06633333333333334 0.17293999910071442 0.17287324814186636 0.13708575481352078 0.15414017334011004
DD16-1  0.6000000000000001 0.6498779606047105 0.06633333333333334 0.1694989168302052 0.16949943766353853 0.13708575481352078 0.15414017334011004
DD16-1  0.6000000000000001 0.610464489849906 0.06633333333333334 0.168626566126583 0.168628128626583 0.13708575481352078 0.15414017334011004
DD16-1  0.6000000000000001 0.6049508682137282 0.06633333333333334 0.1740520867835919 0.17237475854888776 0.13708575481352078 0.15414017334011004
DD16-1  0.6000000000000001 0.6427014497431573 0.06633333333333334 0.1692054718238499 0.1682329735452785 0.13708575481352078 0.15414017334011004
DD16-1  0.6000000000000001 0.6059925814397311 0.06633333333333334 0.1666743122537674 0.1651303193722051 0.13708575481352078 0.15414017334011004
DD16-1  0.6000000000000001 0.6265673592286696 0.06633333333333334 0.17125309271823755 0.1699338126635385 0.13708575481352078 0.15414017334011004
DD16-1  0.6000000000000001 0.6298330815562136 0.06633333333333334 0.17230395941499302 0.16950236525407264 0.13708575481352078 0.15414017334011004
DD16-1  0.6000000000000001 0.629797265825339 0.06633333333333334 0.1701630776926546 0.16902468304228774 0.13708575481352078 0.15414017334011004
DD16-1  0.65 0.693215458183311 0.06633333333333334 0.16798722433008778 0.1664128400867423 0.13708575481352078 0.15414017334011004
DD16-1  0.65 0.6868384924938972 0.06633333333333334 0.16930128956040652 0.16777518699741814 0.13708575481352078 0.15414017334011004
DD16-1  0.65 0.6550927549285712 0.06633333333333334 0.17218629492733936 0.17213035092536227 0.13708575481352078 0.15414017334011004
DD16-1  0.65 0.6511286235937155 0.06633333333333334 0.17055428442230963 0.17042626360826685 0.13708575481352078 0.15414017334011004
DD16-1  0.65 0.6998729273906142 0.06633333333333334 0.1721303841798426 0.1709582918302052 0.13708575481352078 0.15414017334011004
DD16-1  0.65 0.6581579189570209 0.06633333333333334 0.17055174949741814 0.169477886087406 0.13708575481352078 0.15414017334011004
DD16-1  0.65 0.6885705842086126 0.06633333333333334 0.1749832623121423 0.17387150698445952 0.13708575481352078 0.15414017334011004
DD16-1  0.65 0.6505157816599724 0.06633333333333334 0.16839224435932126 0.1683282339522999 0.13708575481352078 0.15414017334011004
DD16-1  0.65 0.6814939640663191 0.06633333333333334 0.17556759213056528 0.17334303980853302 0.13708575481352078 0.15414017334011004
DD16-1  0.65 0.6988108687979613 0.06633333333333334 0.1697701733495515 0.16728965554604713 0.13708575481352078 0.15414017334011004
DD16-1  0.65 0.6804044702161378 0.06633333333333334 0.1705210031819549 0.17045751360826686 0.13708575481352078 0.15414017334011004
DD16-1  0.65 0.699711965607999 0.06633333333333334 0.1748371291273408 0.17474821786634148 0.13708575481352078 0.15414017334011004
DD16-1  0.65 0.6739787030083133 0.06633333333333334 0.17052303442230962 0.16819134970895436 0.13708575481352078 0.15414017334011004
DD16-1  0.65 0.6687465797192249 0.06633333333333334 0.1687066806727751 0.16751224026255115 0.13708575481352078 0.15414017334011004
DD16-1  0.65 0.6839489363316349 0.06633333333333334 0.1673039505120252 0.16553693308050402 0.13708575481352078 0.15414017334011004
DD16-1  0.65 0.6846655435813954 0.06633333333333334 0.16963129842413763 0.1695578378350698 0.13708575481352078 0.15414017334011004
DD16-1  0.65 0.6592910340198709 0.06633333333333334 0.17052303442230962 0.16933078602598792 0.13708575481352078 0.15414017334011004
DD16-1  0.65 0.698734004632748 0.06633333333333334 0.17106265300403795 0.1697450508738904 0.13708575481352078 0.15414017334011004
DD16-1  0.65 0.694794578298247 0.06633333333333334 0.17742857024384262 0.17630360487644936 0.13708575481352078 0.15414017334011004
DD16-1  0.65 0.6966782494075592 0.06633333333333334 0.17111855921944558 0.16881247216210776 0.13708575481352078 0.15414017334011004
DD16-1  0.7000000000000001 0.7287638131638791 0.06633333333333334 0.1742843296946944 0.1742858921946944 0.13708575481352078 0.15414017334011004
DD16-1  0.7000000000000001 0.7109106457409312 0.06633333333333334 0.1732042210652069 0.17119340501317595 0.13708575481352078 0.15414017334011004
DD16-1  0.7000000000000001 0.74009049877689 0.06633333333333334 0.16857577680193297 0.16637798101072718 0.13708575481352078 0.15414017334011004
DD16-1  0.7000000000000001 0.7348740735697422 0.06633333333333334 0.1713565252987952 0.17135704613212852 0.13708575481352078 0.15414017334011004
DD16-1  0.7000000000000001 0.7005427255904966 0.06633333333333334 0.16956828809366356 0.16862760779324965 0.13708575481352078 0.15414017334011004
DD16-1  0.7000000000000001 0.7194063550839266 0.06633333333333334 0.1698828193340183 0.1698188089269969 0.13708575481352078 0.15414017334011004
DD16-1  0.7000000000000001 0.748939548679679 0.06633333333333334 0.17406875830424112 0.17406927913757447 0.13708575481352078 0.15414017334011004
DD16-1  0.7000000000000001 0.7399701975334224 0.06633333333333334 0.16811212940676662 0.1659029810107272 0.13708575481352078 0.15414017334011004
DD16-1  0.7000000000000001 0.7022647401252653 0.06633333333333334 0.1649904978889301 0.16486293501006347 0.13708575481352078 0.15414017334011004
DD16-1  0.7000000000000001 0.7373394135966511 0.06633333333333334 0.17148079089819643 0.1714818325648631 0.13708575481352078 0.15414017334011004
DD16-1  0.7000000000000001 0.7447017790911996 0.06633333333333334 0.17103800836114924 0.16989016352873595 0.13708575481352078 0.15414017334011004
DD16-1  0.7000000000000001 0.7297648803724781 0.06633333333333334 0.16852704777208147 0.16852926131374815 0.13708575481352078 0.15414017334011004
DD16-1  0.7000000000000001 0.7312699303559199 0.06633333333333334 0.17432279355249705 0.1732099965581476 0.13708575481352078 0.15414017334011004
DD16-1  0.7000000000000001 0.7224846598489342 0.06633333333333334 0.16582160087263031 0.1656930592252542 0.13708575481352078 0.15414017334011004
DD16-1  0.7000000000000001 0.7307581678937988 0.06633333333333334 0.1723054132441048 0.17041546159400603 0.13708575481352078 0.15414017334011004
DD16-1  0.7000000000000001 0.7351265541113481 0.06633333333333334 0.1711235878145844 0.17112528052291776 0.13708575481352078 0.15414017334011004
DD16-1  0.7000000000000001 0.7136814532672735 0.06633333333333334 0.17187839504705368 0.17187943671372036 0.13708575481352078 0.15414017334011004
DD16-1  0.7000000000000001 0.7058576660464382 0.06633333333333334 0.1729749872974377 0.17180181039373985 0.13708575481352078 0.15414017334011004
DD16-1  0.7000000000000001 0.7383984084735515 0.06633333333333334 0.17353880999928634 0.17164233964421424 0.13708575481352078 0.15414017334011004
DD16-1  0.7000000000000001 0.746097936067954 0.06633333333333334 0.16463910459676093 0.1632229055259551 0.13708575481352078 0.15414017334011004
DD16-1  0.75 0.7864414514940188 0.06633333333333334 0.172