DD16-1 1 0.9 0.9043797674135905 0.076 0.0 0.0 0.0 0.0 0.01926444833625219
DD16-1 2 0.9 0.9043797674135905 0.076 0.040965691661577174 0.040965691661577174 0.040965691661577174 0.0 0.01926444833625219
DD16-1 3 0.9 0.9043797674135905 0.076 0.11236558797022926 0.09646693686796977 0.07282789628724831 0.0 0.01926444833625219
DD16-1 4 0.9 0.9043797674135905 0.076 0.13701632336086594 0.1207138865978864 0.08022447950392196 0.0 0.01926444833625219
DD16-1 5 0.9 0.9043797674135905 0.076 0.14347693349589988 0.12792360151580928 0.08056586026776844 0.0 0.01926444833625219
DD16-1 6 0.9 0.9043797674135905 0.076 0.1430903080832017 0.1284137598275424 0.07962868679580071 0.0 0.01926444833625219
DD16-1 7 0.9 0.9043797674135905 0.076 0.13993401845010042 0.12609527933546866 0.07865432167427347 0.0 0.01926444833625219
DD16-1 8 0.9 0.9043797674135905 0.076 0.13567627312552685 0.12260401619954395 0.07699135328801382 0.0 0.01926444833625219
DD16-1 9 0.9 0.9043797674135905 0.076 0.13105763614674182 0.11867673139556056 0.07578731794619456 0.0 0.01926444833625219
DD16-1 10 0.9 0.9043797674135905 0.076 0.1264216419237714 0.11466232574834248 0.07501332995443227 0.0 0.01926444833625219
DD16-1 1 0.9 0.9440172952612782 0.076 0.23785578521428744 0.23785578521428744 0.23785578521428744 0.4 0.01926444833625219
DD16-1 2 0.9 0.9440172952612782 0.076 0.27672892783742686 0.2621691159427096 0.20136780311309682 0.4 0.01926444833625219
DD16-1 3 0.9 0.9440172952612782 0.076 0.26451802818790726 0.25608573947059693 0.17088516230026587 0.4 0.01926444833625219
DD16-1 4 0.9 0.9440172952612782 0.076 0.2437593925678519 0.23844583204008743 0.14877384935168772 0.4 0.01926444833625219
DD16-1 5 0.9 0.9440172952612782 0.076 0.22405911059572653 0.2204857894148397 0.13340946516230265 0.4 0.01926444833625219
DD16-1 6 0.9 0.9440172952612782 0.076 0.20689157419057705 0.20438533929084637 0.12172343324702475 0.4 0.01926444833625219
DD16-1 7 0.9 0.9440172952612782 0.076 0.1921586028968775 0.1903569440621932 0.11278833352053048 0.4 0.01926444833625219
DD16-1 8 0.9 0.9440172952612782 0.076 0.17948761648921582 0.1781765556094283 0.1074348256204567 0.4 0.01926444833625219
DD16-1 9 0.9 0.9440172952612782 0.076 0.1685115331468512 0.16755584100830295 0.10246900749669635 0.4 0.01926444833625219
DD16-1 10 0.9 0.9440172952612782 0.076 0.15892363859454645 0.1582333695052434 0.09786892837262195 0.4 0.01926444833625219
DD16-1 1 0.9 0.9451586827664569 0.076 0.05682479342857218 0.05682479342857218 0.05682479342857218 0.2 0.01926444833625219
DD16-1 2 0.9 0.9451586827664569 0.076 0.13020732382773476 0.1459614153482154 0.06392789260714372 0.2 0.01926444833625219
DD16-1 3 0.9 0.9451586827664569 0.076 0.17478818036848465 0.18691345959127872 0.05840325991269921 0.2 0.01926444833625219
DD16-1 4 0.9 0.9451586827664569 0.076 0.18229086924463073 0.1923686432889648 0.0539313189077388 0.2 0.01926444833625219
DD16-1 5 0.9 0.9451586827664569 0.076 0.17862892934874275 0.18731767463960744 0.05282753446904824 0.2 0.01926444833625219
DD16-1 6 0.9 0.9451586827664569 0.076 0.17163505854676372 0.17930900766325802 0.05417434951854704 0.2 0.01926444833625219
DD16-1 7 0.9 0.9451586827664569 0.076 0.16385049035416777 0.170746448431007 0.054522864686355615 0.2 0.01926444833625219
DD16-1 8 0.9 0.9451586827664569 0.076 0.1561817682524609 0.16245936583606824 0.05764423554821067 0.2 0.01926444833625219
DD16-1 9 0.9 0.9451586827664569 0.076 0.14895177767450413 0.15472435605561433 0.06019969868247773 0.2 0.01926444833625219
DD16-1 10 0.9 0.9451586827664569 0.076 0.14225666838456055 0.14760790651304972 0.061437635152325226 0.2 0.01926444833625219
DD16-1 1 0.9 0.9446877911926405 0.076 0.0 0.0 0.0 0.0 0.01926444833625219
DD16-1 2 0.9 0.9446877911926405 0.076 0.05420619835714304 0.05420619835714304 0.05420619835714304 0.0 0.01926444833625219
DD16-1 3 0.9 0.9446877911926405 0.076 0.12767109909762311 0.12767109909762311 0.09969990819047651 0.0 0.01926444833625219
DD16-1 4 0.9 0.9446877911926405 0.076 0.14927786859879405 0.14929251703629404 0.11266669251339323 0.0 0.01926444833625219
DD16-1 5 0.9 0.9446877911926405 0.076 0.15370316430787087 0.15371422583937755 0.11523645318928608 0.0 0.01926444833625219
DD16-1 6 0.9 0.9446877911926405 0.076 0.1519010878392504 0.151907457474881 0.1136019743095242 0.0 0.01926444833625219
DD16-1 7 0.9 0.9446877911926405 0.076 0.1476983451821352 0.14770224992655218 0.11043592654008783 0.0 0.01926444833625219
DD16-1 8 0.9 0.9446877911926405 0.076 0.14263254227077843 0.14263589432688206 0.10663264633920636 0.0 0.01926444833625219
DD16-1 9 0.9 0.9446877911926405 0.076 0.1373693654789884 0.13737234957108285 0.10311886439366844 0.0 0.01926444833625219
DD16-1 10 0.9 0.9446877911926405 0.076 0.1322061848204947 0.13220887565105324 0.09977025274894447 0.0 0.01926444833625219
DD16-1 1 0.9 0.9122957988170773 0.076 0.02 0.02 0.02 0.2 0.01926444833625219
DD16-1 2 0.9 0.9122957988170773 0.076 0.07546081415407188 0.16696770189694976 0.034999999999999996 0.2 0.01926444833625219
DD16-1 3 0.9 0.9122957988170773 0.076 0.1295868758865505 0.1924460033424413 0.03504849250132276 0.2 0.01926444833625219
DD16-1 4 0.9 0.9122957988170773 0.076 0.14393404688398503 0.19055094877259998 0.034235254535962344 0.2 0.01926444833625219
DD16-1 5 0.9 0.9122957988170773 0.076 0.14509024021697287 0.18205373287398408 0.03460882346448418 0.2 0.01926444833625219
DD16-1 6 0.9 0.9122957988170773 0.076 0.14171100521109625 0.17228059560516734 0.037102905956679956 0.2 0.01926444833625219
DD16-1 7 0.9 0.9122957988170773 0.076 0.13675082146421097 0.162781704358069 0.037906706680677096 0.2 0.01926444833625219
DD16-1 8 0.9 0.9122957988170773 0.076 0.13135900130493786 0.1540047256513506 0.037841908613914635 0.2 0.01926444833625219
DD16-1 9 0.9 0.9122957988170773 0.076 0.12600960967903566 0.14603540457676678 0.037329925893512014 0.2 0.01926444833625219
DD16-1 10 0.9 0.9122957988170773 0.076 0.12089795213029371 0.13883714148076792 0.03658799907588702 0.2 0.01926444833625219
DD16-1 1 0.9 0.9215170677869736 0.076 0.02174573004761943 0.02174573004761943 0.02174573004761943 0.2 0.01926444833625219
DD16-1 2 0.9 0.9215170677869736 0.076 0.12360394032688163 0.15643164820052163 0.024463946303571862 0.2 0.01926444833625219
DD16-1 3 0.9 0.9215170677869736 0.076 0.1462410746909181 0.18035133700249462 0.022349778104497755 0.2 0.01926444833625219
DD16-1 4 0.9 0.9215170677869736 0.076 0.1505390366670804 0.1786277193375805 0.03675764481398657 0.2 0.01926444833625219
DD16-1 5 0.9 0.9215170677869736 0.076 0.14673271478463812 0.1706897223307305 0.04585872158848939 0.2 0.01926444833625219
DD16-1 6 0.9 0.9215170677869736 0.076 0.1405471334165145 0.16154292918354077 0.049641021974644026 0.2 0.01926444833625219
DD16-1 7 0.9 0.9215170677869736 0.076 0.13389216459310666 0.1526466499786962 0.05094363400750105 0.2 0.01926444833625219
DD16-1 8 0.9 0.9215170677869736 0.076 0.12743279702205607 0.14442349564938453 0.05100247887269628 0.2 0.01926444833625219
DD16-1 9 0.9 0.9215170677869736 0.076 0.12139381905562242 0.13695535229253827 0.05041350150946465 0.2 0.01926444833625219
DD16-1 10 0.9 0.9215170677869736 0.076 0.11583181698087416 0.13020873767615276 0.05003842489657367 0.2 0.01926444833625219
DD16-1 1 0.9 0.9299448684828013 0.076 0.0 0.0 0.0 0.0 0.01926444833625219
DD16-1 2 0.9 0.9299448684828013 0.076 0.013333333333333332 0.013333333333333332 0.013333333333333332 0.0 0.01926444833625219
DD16-1 3 0.9 0.9299448684828013 0.076 0.07108226432354198 0.0851860069537864 0.0162962962962963 0.0 0.01926444833625219
DD16-1 4 0.9 0.9299448684828013 0.076 0.09623354988444915 0.11005233733581998 0.01847222222222222 0.0 0.01926444833625219
DD16-1 5 0.9 0.9299448684828013 0.076 0.10451051537317324 0.117690486708488 0.02077777777777778 0.0 0.01926444833625219
DD16-1 6 0.9 0.9299448684828013 0.076 0.10620809507636685 0.11866739727305159 0.021481481481481487 0.0 0.01926444833625219
DD16-1 7 0.9 0.9299448684828013 0.076 0.10508052469985334 0.11684408939813135 0.02732966541929341 0.0 0.01926444833625219
DD16-1 8 0.9 0.9299448684828013 0.076 0.10269870553371079 0.1138226506995584 0.03224352917970726 0.0 0.01926444833625219
DD16-1 9 0.9 0.9299448684828013 0.076 0.09978413324988802 0.11032858552748284 0.035385200507715264 0.0 0.01926444833625219
DD16-1 10 0.9 0.9299448684828013 0.076 0.09668780065822899 0.10670957497259607 0.03744444294008363 0.0 0.01926444833625219
DD16-1 1 0.9 0.9405765349802986 0.076 0.08 0.08 0.08 0.2 0.01926444833625219
DD16-1 2 0.9 0.9405765349802986 0.076 0.16970192840476245 0.17758380685267922 0.07333333333333333 0.2 0.01926444833625219
DD16-1 3 0.9 0.9405765349802986 0.076 0.2022351699721953 0.2049121702133766 0.06370370370370368 0.2 0.01926444833625219
DD16-1 4 0.9 0.9405765349802986 0.076 0.2034274153183134 0.2032546023238247 0.05611111111111111 0.2 0.01926444833625219
DD16-1 5 0.9 0.9405765349802986 0.076 0.19588826581611632 0.19434165985379537 0.052060299358412714 0.2 0.01926444833625219
DD16-1 6 0.9 0.9405765349802986 0.076 0.18626093710859556 0.18399203810906245 0.05027839264160057 0.2 0.01926444833625219
DD16-1 7 0.9 0.9405765349802986 0.076 0.17656551455163286 0.17390064482568454 0.04816133969984618 0.2 0.01926444833625219
DD16-1 8 0.9 0.9405765349802986 0.076 0.16744406331606398 0.1645609781074944 0.04695700277400978 0.2 0.01926444833625219
DD16-1 9 0.9 0.9405765349802986 0.076 0.1590706650544071 0.1560723095547779 0.046285399433011645 0.2 0.01926444833625219
DD16-1 10 0.9 0.9405765349802986 0.076 0.1514511131177198 0.14839974708855946 0.0456389910331629 0.2 0.01926444833625219
DD16-1 1 0.9 0.9417181634031678 0.076 0.0 0.0 0.0 0.0 0.01926444833625219
DD16-1 2 0.9 0.9417181634031678 0.076 0.04595192840476248 0.04595192840476248 0.04595192840476248 0.0 0.01926444833625219
DD16-1 3 0.9 0.9417181634031678 0.076 0.12188937490310423 0.12300052376446574 0.06659111574206422 0.0 0.01926444833625219
DD16-1 4 0.9 0.9417181634031678 0.076 0.145792449517637 0.14655950714324337 0.07016886625967339 0.0 0.01926444833625219
DD16-1 5 0.9 0.9417181634031678 0.076 0.15144776901857399 0.15203512637932687 0.06907943185773883 0.0 0.01926444833625219
DD16-1 6 0.9 0.9417181634031678 0.076 0.1503837705712406 0.15085393911105863 0.06655531741617134 0.0 0.01926444833625219
DD16-1 7 0.9 0.9417181634031678 0.076 0.14666387807548498 0.1470524435780497 0.06646505281517319 0.0 0.01926444833625219
DD16-1 8 0.9 0.9417181634031678 0.076 0.1419311066239723 0.1422607703115869 0.06680329798317992 0.0 0.01926444833625219
DD16-1 9 0.9 0.9417181634031678 0.076 0.13690683346451757 0.1371917605517742 0.06621241442052804 0.0 0.01926444833625219
DD16-1 10 0.9 0.9417181634031678 0.076 0.13192028878076045 0.13217015771904797 0.06512485411121341 0.0 0.01926444833625219
DD16-1 1 0.9 0.9250364927315934 0.076 0.0 0.0 0.0 0.0 0.01926444833625219
DD16-1 2 0.9 0.9250364927315934 0.076 0.021309297535714568 0.021309297535714568 0.021309297535714568 0.0 0.01926444833625219
DD16-1 3 0.9 0.9250364927315934 0.076 0.10291264040123432 0.08864317515261301 0.0299908631984131 0.0 0.01926444833625219
DD16-1 4 0.9 0.9250364927315934 0.076 0.13213666889324988 0.11474924400644122 0.03492357096131 0.0 0.01926444833625219
DD16-1 5 0.9 0.9250364927315934 0.076 0.1410496468671254 0.12306040015810236 0.03930381545476243 0.0 0.01926444833625219
DD16-1 6 0.9 0.9250364927315934 0.076 0.1420923064983476 0.12428328707533624 0.040645511966270385 0.0 0.01926444833625219
DD16-1 7 0.9 0.9250364927315934 0.076 0.1398322524429359 0.12249896931228688 0.040637458565841174 0.0 0.01926444833625219
DD16-1 8 0.9 0.9250364927315934 0.076 0.13616435504393215 0.11941441817481013 0.04661229774930355 0.0 0.01926444833625219
DD16-1 9 0.9 0.9250364927315934 0.076 0.13194748854792826 0.11580774184928809 0.05186409381546059 0.0 0.01926444833625219
DD16-1 10 0.9 0.9250364927315934 0.076 0.1275918708322831 0.11205286273828224 0.05540214136184381 0.0 0.01926444833625219
DD16-1 1 0.9 0.9092504224961946 0.076 0.0 0.0 0.0 0.0 0.01926444833625219
DD16-1 2 0.9 0.9092504224961946 0.076 0.0 0.0 0.0 0.0 0.01926444833625219
DD16-1 3 0.9 0.9092504224961946 0.076 0.0 0.0 0.0 0.0 0.01926444833625219
DD16-1 4 0.9 0.9092504224961946 0.076 0.008333333333333333 0.008333333333333333 0.008333333333333333 0.0 0.01926444833625219
DD16-1 5 0.9 0.9092504224961946 0.076 0.03721929573069078 0.03815991790976191 0.013333333333333332 0.0 0.01926444833625219
DD16-1 6 0.9 0.9092504224961946 0.076 0.05387324730990424 0.05515720057977465 0.015740740740740743 0.0 0.01926444833625219
DD16-1 7 0.9 0.9092504224961946 0.076 0.0629971584002671 0.06449282915658969 0.016893424036281184 0.0 0.01926444833625219
DD16-1 8 0.9 0.9092504224961946 0.076 0.06800162040209097 0.06961436078464502 0.017385912698412706 0.0 0.01926444833625219
DD16-1 9 0.9 0.9092504224961946 0.076 0.07062243319279342 0.07229640945581174 0.01751175778953557 0.0 0.01926444833625219
DD16-1 10 0.9 0.9092504224961946 0.076 0.07180321635128467 0.07350456723138041 0.017427248677248687 0.0 0.01926444833625219
DD16-1 1 0.9 0.9319871757558764 0.076 0.0 0.0 0.0 0.0 0.01926444833625219
DD16-1 2 0.9 0.9319871757558764 0.076 0.0 0.0 0.0 0.0 0.01926444833625219
DD16-1 3 0.9 0.9319871757558764 0.076 0.0044444444444444444 0.0044444444444444444 0.0044444444444444444 0.0 0.01926444833625219
DD16-1 4 0.9 0.9319871757558764 0.076 0.024204680813710404 0.04049192547423744 0.011051549589285762 0.0 0.01926444833625219
DD16-1 5 0.9 0.9319871757558764 0.076 0.0474493270579401 0.060268519794067534 0.016549146009523886 0.0 0.01926444833625219
DD16-1 6 0.9 0.9319871757558764 0.076 0.05953285768475536 0.06983848335391658 0.0210881121871694 0.0 0.01926444833625219
DD16-1 7 0.9 0.9319871757558764 0.076 0.06572977151182426 0.07428994518221972 0.023436701434969325 0.0 0.01926444833625219
DD16-1 8 0.9 0.9319871757558764 0.076 0.06877436972903474 0.07605301644433551 0.026206753223433826 0.0 0.01926444833625219
DD16-1 9 0.9 0.9319871757558764 0.076 0.07003071220596874 0.07633336233070588 0.029688667398300856 0.0 0.01926444833625219
DD16-1 10 0.9 0.9319871757558764 0.076 0.07023499600459031 0.07577196274064772 0.031898758930222114 0.0 0.01926444833625219
DD16-1 1 0.9 0.9176190840314752 0.076 0.0 0.0 0.0 0.0 0.01926444833625219
DD16-1 2 0.9 0.9176190840314752 0.076 0.034616907101442045 0.034616907101442045 0.034616907101442045 0.0 0.01926444833625219
DD16-1 3 0.9 0.9176190840314752 0.076 0.09981294890150624 0.09265634512687738 0.06376339040256364 0.0 0.01926444833625219
DD16-1 4 0.9 0.9176190840314752 0.076 0.122385994417832 0.11785594279206713 0.07362477640699068 0.0 0.01926444833625219
DD16-1 5 0.9 0.9176190840314752 0.076 0.1284613912712525 0.1256655572709269 0.07647991729950271 0.0 0.01926444833625219
DD16-1 6 0.9 0.9176190840314752 0.076 0.12827796459484356 0.12653237266690753 0.07705277564813429 0.0 0.01926444833625219
DD16-1 7 0.9 0.9176190840314752 0.076 0.12554845870945655 0.12448237051309365 0.07676879408110523 0.0 0.01926444833625219
DD16-1 8 0.9 0.9176190840314752 0.076 0.12179556270750022 0.12119209259021366 0.07556241849055625 0.0 0.01926444833625219
DD16-1 9 0.9 0.9176190840314752 0.076 0.11769732354520923 0.11742117284377263 0.07379551168115749 0.0 0.01926444833625219
DD16-1 10 0.9 0.9176190840314752 0.076 0.11356961934705176 0.1135319022610922 0.07178538366157879 0.0 0.01926444833625219
DD16-1 1 0.9 0.9204500862635236 0.076 0.0 0.0 0.0 0.0 0.01926444833625219
DD16-1 2 0.9 0.9204500862635236 0.076 0.0 0.0 0.0 0.0 0.01926444833625219
DD16-1 3 0.9 0.9204500862635236 0.076 0.0 0.0 0.0 0.0 0.01926444833625219
DD16-1 4 0.9 0.9204500862635236 0.076 0.0 0.0 0.0 0.0 0.01926444833625219
DD16-1 5 0.9 0.9204500862635236 0.076 0.005682479342857218 0.005682479342857218 0.005682479342857218 0.0 0.01926444833625219
DD16-1 6 0.9 0.9204500862635236 0.076 0.027353929053920607 0.023344643651248505 0.015000035892029334 0.0 0.01926444833625219
DD16-1 7 0.9 0.9204500862635236 0.076 0.041564302715556875 0.03577030276783961 0.027474548684060615 0.0 0.01926444833625219
DD16-1 8 0.9 0.9204500862635236 0.076 0.05034361587159569 0.04351034498160551 0.03557709999580115 0.0 0.01926444833625219
DD16-1 9 0.9 0.9204500862635236 0.076 0.05579825258095262 0.04833495269931643 0.04121403744558845 0.0 0.01926444833625219
DD16-1 10 0.9 0.9204500862635236 0.076 0.05916901081395114 0.05132697182076412 0.04543688443454591 0.0 0.01926444833625219
DD16-1 1 0.9 0.9301005022509069 0.076 0.24579414996946305 0.24579414996946305 0.24579414996946305 0.2 0.01926444833625219
DD16-1 2 0.9 0.9301005022509069 0.076 0.32329789210855886 0.27849914544529775 0.22531130413867445 0.2 0.01926444833625219
DD16-1 3 0.9 0.9301005022509069 0.076 0.31414107481771836 0.2716459795358146 0.1957249712719798 0.2 0.01926444833625219
DD16-1 4 0.9 0.9301005022509069 0.076 0.29152576824911836 0.25272275377295494 0.17683672272907777 0.2 0.01926444833625219
DD16-1 5 0.9 0.9301005022509069 0.076 0.26902229025646557 0.23358569535105392 0.1606968945193217 0.2 0.01926444833625219
DD16-1 6 0.9 0.9301005022509069 0.076 0.24904831140442057 0.21646837875591107 0.14726652066614268 0.2 0.01926444833625219
DD16-1 7 0.9 0.9301005022509069 0.076 0.2317367707019536 0.20157129187209863 0.13624248523223428 0.2 0.01926444833625219
DD16-1 8 0.9 0.9301005022509069 0.076 0.21675518791737985 0.18864560033610572 0.12743616814788133 0.2 0.01926444833625219
DD16-1 9 0.9 0.9301005022509069 0.076 0.20372156083199214 0.17738037004238771 0.12048556068318436 0.2 0.01926444833625219
DD16-1 10 0.9 0.9301005022509069 0.076 0.19230013375355626 0.16749560335525313 0.11427626770177074 0.2 0.01926444833625219
DD16-1 1 0.9 0.907101628875434 0.076 0.0 0.0 0.0 0.0 0.01926444833625219
DD16-1 2 0.9 0.907101628875434 0.076 0.0 0.0 0.0 0.0 0.01926444833625219
DD16-1 3 0.9 0.907101628875434 0.076 0.0 0.0 0.0 0.0 0.01926444833625219
DD16-1 4 0.9 0.907101628875434 0.076 0.005 0.005 0.005 0.0 0.01926444833625219
DD16-1 5 0.9 0.907101628875434 0.076 0.015615537176021078 0.020027105343827872 0.008 0.0 0.01926444833625219
DD16-1 6 0.9 0.907101628875434 0.076 0.03711610995168175 0.04082892889670429 0.009444444444444445 0.0 0.01926444833625219
DD16-1 7 0.9 0.907101628875434 0.076 0.04952982764694988 0.052738404801933966 0.010136054421768709 0.0 0.01926444833625219
DD16-1 8 0.9 0.907101628875434 0.076 0.05690301744871858 0.05973026596549199 0.011473214285714285 0.0 0.01926444833625219
DD16-1 9 0.9 0.907101628875434 0.076 0.061298274644624715 0.06382698098583005 0.012256025867136974 0.0 0.01926444833625219
DD16-1 10 0.9 0.907101628875434 0.076 0.0638498913843456 0.06613875518963903 0.012897089947089943 0.0 0.01926444833625219
DD16-1 1 0.9 0.936550838505579 0.076 0.0 0.0 0.0 0.0 0.01926444833625219
DD16-1 2 0.9 0.936550838505579 0.076 0.0 0.0 0.0 0.0 0.01926444833625219
DD16-1 3 0.9 0.936550838505579 0.076 0.0 0.0 0.0 0.0 0.01926444833625219
DD16-1 4 0.9 0.936550838505579 0.076 0.00625 0.00625 0.00625 0.0 0.01926444833625219
DD16-1 5 0.9 0.936550838505579 0.076 0.022866623647319728 0.01661553717602108 0.008999999999999998 0.0 0.01926444833625219
DD16-1 6 0.9 0.936550838505579 0.076 0.04206011101112184 0.03794944328501508 0.013434710746031786 0.0 0.01926444833625219
DD16-1 7 0.9 0.936550838505579 0.076 0.05311291268306906 0.05024344903300432 0.01849632316132175 0.0 0.01926444833625219
DD16-1 8 0.9 0.936550838505579 0.076 0.059542905433198054 0.057526641589762804 0.0219456679261268 0.0 0.01926444833625219
DD16-1 9 0.9 0.936550838505579 0.076 0.06325363480948913 0.06185197614584105 0.024553293097768235 0.0 0.01926444833625219
DD16-1 10 0.9 0.936550838505579 0.076 0.06529285014859805 0.06434810646378288 0.026185250290372383 0.0 0.01926444833625219
DD16-1 1 0.9 0.911539468471329 0.076 0.02 0.02 0.02 0.2 0.01926444833625219
DD16-1 2 0.9 0.911539468471329 0.076 0.10134190009504433 0.16696770189694976 0.034999999999999996 0.2 0.01926444833625219
DD16-1 3 0.9 0.911539468471329 0.076 0.14338714239386066 0.1924460033424413 0.04455899908730168 0.2 0.01926444833625219
DD16-1 4 0.9 0.911539468471329 0.076 0.1544128843834355 0.19055094877259998 0.04728824036607157 0.2 0.01926444833625219
DD16-1 5 0.9 0.911539468471329 0.076 0.15367886678621193 0.18205373287398408 0.05092795145672639 0.2 0.01926444833625219
DD16-1 6 0.9 0.911539468471329 0.076 0.1490080897208435 0.17228059560516734 0.05157310085906935 0.2 0.01926444833625219
DD16-1 7 0.9 0.911539468471329 0.076 0.14310826467379167 0.162781704358069 0.05091557802664524 0.2 0.01926444833625219
DD16-1 8 0.9 0.911539468471329 0.076 0.1370004755024397 0.1540047256513506 0.0496885227612006 0.2 0.01926444833625219
DD16-1 9 0.9 0.911539468471329 0.076 0.13108644505072353 0.14603540457676678 0.04822674970408824 0.2 0.01926444833625219
DD16-1 10 0.9 0.911539468471329 0.076 0.1255174791134518 0.13883714148076792 0.048868280566174045 0.2 0.01926444833625219
DD16-1 1 0.9 0.9017418192788301 0.076 0.0 0.0 0.0 0.0 0.01926444833625219
DD16-1 2 0.9 0.9017418192788301 0.076 0.02 0.02 0.02 0.0 0.01926444833625219
DD16-1 3 0.9 0.9017418192788301 0.076 0.06676023806773977 0.08309675639864435 0.024444444444444442 0.0 0.01926444833625219
DD16-1 4 0.9 0.9017418192788301 0.076 0.09636584364168335 0.10796055596775031 0.02458333333333334 0.0 0.01926444833625219
DD16-1 5 0.9 0.9017418192788301 0.076 0.10742444076105677 0.11594697038429241 0.023666666666666673 0.0 0.01926444833625219
DD16-1 6 0.9 0.9017418192788301 0.076 0.11060283317627052 0.11718704049795488 0.022500000000000013 0.0 0.01926444833625219
DD16-1 7 0.9 0.9017418192788301 0.076 0.11029799103941357 0.1155580644179716 0.025511894847698443 0.0 0.01926444833625219
DD16-1 8 0.9 0.9017418192788301 0.076 0.10837516584168334 0.11268390789898067 0.02922610714635132 0.0 0.01926444833625219
DD16-1 9 0.9 0.9017418192788301 0.076 0.10570787250857337 0.10930578230075534 0.03180351185719341 0.0 0.01926444833625219
DD16-1 10 0.9 0.9017418192788301 0.076 0.10273034476919357 0.10578047930888847 0.033541208130427796 0.0 0.01926444833625219
DD16-1 1 0.9 0.9076696607065471 0.076 0.0 0.0 0.0 0.0 0.01926444833625219
DD16-1 2 0.9 0.9076696607065471 0.076 0.0 0.0 0.0 0.0 0.01926444833625219
DD16-1 3 0.9 0.9076696607065471 0.076 0.0 0.0 0.0 0.0 0.01926444833625219
DD16-1 4 0.9 0.9076696607065471 0.076 0.0 0.0 0.0 0.0 0.01926444833625219
DD16-1 5 0.9 0.9076696607065471 0.076 0.011536495868571441 0.011536495868571441 0.011536495868571441 0.0 0.01926444833625219
DD16-1 6 0.9 0.9076696607065471 0.076 0.031033114504218987 0.031033114504218987 0.026170162995634957 0.0 0.01926444833625219
DD16-1 7 0.9 0.9076696607065471 0.076 0.04302438258612691 0.043025559468290266 0.03459546607351804 0.0 0.01926444833625219
DD16-1 8 0.9 0.9076696607065471 0.076 0.05024289711246797 0.050239273050371444 0.03958401706098009 0.0 0.01926444833625219
DD16-1 9 0.9 0.9076696607065471 0.076 0.054617345473120436 0.05460940841636174 0.0425442002490899 0.0 0.01926444833625219
DD16-1 10 0.9 0.9076696607065471 0.076 0.05722109276882701 0.05721039497195883 0.04425009014203806 0.0 0.01926444833625219
DD16-1 1 0.95 0.9833553898617793 0.076 0.02 0.02 0.02 0.2 0.01926444833625219
DD16-1 2 0.95 0.9833553898617793 0.076 0.10074536025555478 0.11871221463913169 0.043333333333333335 0.2 0.01926444833625219
DD16-1 3 0.95 0.9833553898617793 0.076 0.15542165927203294 0.16702292126888565 0.058518518518518525 0.2 0.01926444833625219
DD16-1 4 0.95 0.9833553898617793 0.076 0.1683572736095333 0.17657449389266336 0.060555555555555564 0.2 0.01926444833625219
DD16-1 5 0.95 0.9833553898617793 0.076 0.1678583212694424 0.17412947636808657 0.05911111111111109 0.2 0.01926444833625219
DD16-1 6 0.95 0.9833553898617793 0.076 0.16292113388796364 0.16793709602204646 0.056666666666666664 0.2 0.01926444833625219
DD16-1 7 0.95 0.9833553898617793 0.076 0.15657363554620402 0.1607186990823044 0.054421768707483005 0.2 0.01926444833625219
DD16-1 8 0.95 0.9833553898617793 0.076 0.14996167726084225 0.15347045746436488 0.05256696428571429 0.2 0.01926444833625219
DD16-1 9 0.95 0.9833553898617793 0.076 0.14353907937501845 0.14656473277407805 0.050635655496766616 0.2 0.01926444833625219
DD16-1 10 0.95 0.9833553898617793 0.076 0.1374794181323311 0.14012696689694293 0.04873875661375662 0.2 0.01926444833625219
DD16-1 1 0.95 0.9747580435716583 0.076 0.0 0.0 0.0 0.0 0.01926444833625219
DD16-1 2 0.95 0.9747580435716583 0.076 0.0 0.0 0.0 0.0 0.01926444833625219
DD16-1 3 0.95 0.9747580435716583 0.076 0.022962962962962963 0.022962962962962963 0.022962962962962963 0.0 0.01926444833625219
DD16-1 4 0.95 0.9747580435716583 0.076 0.06305237675478538 0.06395174365859765 0.032638888888888884 0.0 0.01926444833625219
DD16-1 5 0.95 0.9747580435716583 0.076 0.08164485912294013 0.08268318955069091 0.04294602571206349 0.0 0.01926444833625219
DD16-1 6 0.95 0.9747580435716583 0.076 0.08972866916027078 0.09083948205984385 0.05390452594226193 0.0 0.01926444833625219
DD16-1 7 0.95 0.9747580435716583 0.076 0.09284921282922201 0.0939801418034938 0.05951371943131685 0.0 0.01926444833625219
DD16-1 8 0.95 0.9747580435716583 0.076 0.09344684220684635 0.09457367125747151 0.062264850792394785 0.0 0.01926444833625219
DD16-1 9 0.95 0.9747580435716583 0.076 0.09270638211573369 0.0938173983244833 0.06352162246434506 0.0 0.01926444833625219
DD16-1 10 0.95 0.9747580435716583 0.076 0.09124619003493438 0.09233475465637367 0.06381628184350578 0.0 0.01926444833625219
DD16-1 1 0.95 0.962646510222999 0.076 0.0 0.0 0.0 0.0 0.01926444833625219
DD16-1 2 0.95 0.962646510222999 0.076 0.005 0.005 0.005 0.0 0.01926444833625219
DD16-1 3 0.95 0.962646510222999 0.076 0.052756737839285826 0.07309675639864434 0.014444444444444444 0.0 0.01926444833625219
DD16-1 4 0.95 0.962646510222999 0.076 0.08553460922369108 0.1004605559677503 0.017083333333333336 0.0 0.01926444833625219
DD16-1 5 0.95 0.962646510222999 0.076 0.09854914330880582 0.10994697038429241 0.017666666666666674 0.0 0.01926444833625219
DD16-1 6 0.95 0.962646510222999 0.076 0.1030607337199214 0.11218704049795486 0.017870370370370377 0.0 0.01926444833625219
DD16-1 7 0.95 0.962646510222999 0.076 0.10372605303144031 0.11127235013225731 0.01885487528344672 0.0 0.01926444833625219
DD16-1 8 0.95 0.962646510222999 0.076 0.10254255874752127 0.10893390789898065 0.020977182539682546 0.0 0.01926444833625219
DD16-1 9 0.95 0.962646510222999 0.076 0.10045841051538204 0.105972448967422 0.023965802566431518 0.0 0.01926444833625219
DD16-1 10 0.95 0.962646510222999 0.076 0.09795324172028871 0.10278047930888846 0.026091043935383612 0.0 0.01926444833625219
DD16-1 1 0.95 0.9658768026842854 0.076 0.0 0.0 0.0 0.0 0.01926444833625219
DD16-1 2 0.95 0.9658768026842854 0.076 0.0 0.0 0.0 0.0 0.01926444833625219
DD16-1 3 0.95 0.9658768026842854 0.076 0.0 0.0 0.0 0.0 0.01926444833625219
DD16-1 4 0.95 0.9658768026842854 0.076 0.0 0.0 0.0 0.0 0.01926444833625219
DD16-1 5 0.95 0.9658768026842854 0.076 0.0 0.0 0.0 0.0 0.01926444833625219
DD16-1 6 0.95 0.9658768026842854 0.076 0.0 0.0 0.0 0.0 0.01926444833625219
DD16-1 7 0.95 0.9658768026842854 0.076 0.0 0.0 0.0 0.0 0.01926444833625219
DD16-1 8 0.95 0.9658768026842854 0.076 0.0 0.0 0.0 0.0 0.01926444833625219
DD16-1 9 0.95 0.9658768026842854 0.076 0.0 0.0 0.0 0.0 0.01926444833625219
DD16-1 10 0.95 0.9658768026842854 0.076 0.003277255332926174 0.003277255332926174 0.003277255332926174 0.0 0.01926444833625219
DD16-1 1 0.95 0.9699421560616392 0.076 0.0 0.0 0.0 0.0 0.01926444833625219
DD16-1 2 0.95 0.9699421560616392 0.076 0.034616907101442045 0.034616907101442045 0.034616907101442045 0.0 0.01926444833625219
DD16-1 3 0.95 0.9699421560616392 0.076 0.10567491625865655 0.09265634512687738 0.061541168180341416 0.0 0.01926444833625219
DD16-1 4 0.95 0.9699421560616392 0.076 0.13054311601659488 0.11785594279206713 0.06779144307365735 0.0 0.01926444833625219
DD16-1 5 0.95 0.9699421560616392 0.076 0.13744028570633104 0.1256655572709269 0.0680799172995027 0.0 0.01926444833625219
DD16-1 6 0.95 0.9699421560616392 0.076 0.13746406683160028 0.12653237266690753 0.06634907194443058 0.0 0.01926444833625219
DD16-1 7 0.95 0.9699421560616392 0.076 0.13467387169977404 0.12448237051309365 0.06534199969974791 0.0 0.01926444833625219
DD16-1 8 0.95 0.9699421560616392 0.076 0.13073856309234308 0.12119209259021366 0.06437813867519078 0.0 0.01926444833625219
DD16-1 9 0.95 0.9699421560616392 0.076 0.1264038047085355 0.11742117284377263 0.06291697378567977 0.0 0.01926444833625219
DD16-1 10 0.95 0.9699421560616392 0.076 0.12201874140838757 0.1135319022610922 0.06245211799402164 0.0 0.01926444833625219
DD16-1 1 0.95 0.9795474195422786 0.076 0.0 0.0 0.0 0.0 0.01926444833625219
DD16-1 2 0.95 0.9795474195422786 0.076 0.04128357376810872 0.04128357376810872 0.04128357376810872 0.0 0.01926444833625219
DD16-1 3 0.95 0.9795474195422786 0.076 0.1190560160382669 0.1190560160382669 0.07339302003219328 0.0 0.01926444833625219
DD16-1 4 0.95 0.9795474195422786 0.076 0.14280268306369373 0.14283120474177685 0.08492432301314154 0.0 0.01926444833625219
DD16-1 5 0.95 0.9795474195422786 0.076 0.1485249875352705 0.14854517600376382 0.08771474742489963 0.0 0.01926444833625219
DD16-1 6 0.95 0.9795474195422786 0.076 0.14758699111062504 0.1475999159452029 0.08682846244740693 0.0 0.01926444833625219
DD16-1 7 0.95 0.9795474195422786 0.076 0.14400146486464901 0.14401007147254238 0.08573936929971354 0.0 0.01926444833625219
DD16-1 8 0.95 0.9795474195422786 0.076 0.1393984722231003 0.1394052381796235 0.08626631474718247 0.0 0.01926444833625219
DD16-1 9 0.95 0.9795474195422786 0.076 0.13449519021214576 0.13450065521796412 0.08556560647941795 0.0 0.01926444833625219
DD16-1 10 0.95 0.9795474195422786 0.076 0.129619875518437 0.12962435073324638 0.08420544046183334 0.0 0.01926444833625219
DD16-1 1 0.95 0.9515967576001091 0.076 0.0 0.0 0.0 0.0 0.01926444833625219
DD16-1 2 0.95 0.9515967576001091 0.076 0.0 0.0 0.0 0.0 0.01926444833625219
DD16-1 3 0.95 0.9515967576001091 0.076 0.008888888888888889 0.008888888888888889 0.008888888888888889 0.0 0.01926444833625219
DD16-1 4 0.95 0.9515967576001091 0.076 0.03831581335109229 0.04590859214090411 0.019583333333333335 0.0 0.01926444833625219
DD16-1 5 0.95 0.9515967576001091 0.076 0.06257577564331637 0.06593518646073421 0.024999999999999994 0.0 0.01926444833625219
DD16-1 6 0.95 0.9515967576001091 0.076 0.0745250513738796 0.07548663150206475 0.02850968970072752 0.0 0.01926444833625219
DD16-1 7 0.95 0.9515967576001091 0.076 0.08033044673556951 0.0798114871323331 0.038772294549003036 0.0 0.01926444833625219
DD16-1 8 0.95 0.9515967576001091 0.076 0.08288801617378176 0.08140519898401809 0.04523036014626787 0.0 0.01926444833625219
DD16-1 9 0.95 0.9515967576001091 0.076 0.08363324374431305 0.08150238055527968 0.0491367961129415 0.0 0.01926444833625219
DD16-1 10 0.95 0.9515967576001091 0.076 0.08333348530671364 0.08075741247609747 0.051458062047817076 0.0 0.01926444833625219
DD16-1 1 0.95 0.9748040016729325 0.076 0.0 0.0 0.0 0.0 0.01926444833625219
DD16-1 2 0.95 0.9748040016729325 0.076 0.0 0.0 0.0 0.0 0.01926444833625219
DD16-1 3 0.95 0.9748040016729325 0.076 0.05005926623705212 0.05005926623705212 0.05005926623705212 0.0 0.01926444833625219
DD16-1 4 0.95 0.9748040016729325 0.076 0.08903211853627345 0.08903211853627345 0.06820278693613091 0.0 0.01926444833625219
DD16-1 5 0.95 0.9748040016729325 0.076 0.10548140316538789 0.10549077816538788 0.07458356539424349 0.0 0.01926444833625219
DD16-1 6 0.95 0.9748040016729325 0.076 0.11170869783526458 0.11171468472833873 0.07605667661002148 0.0 0.01926444833625219
DD16-1 7 0.95 0.9748040016729325 0.076 0.1132479718002823 0.1132501725000942 0.07540640436233413 0.0 0.01926444833625219
DD16-1 8 0.95 0.9748040016729325 0.076 0.11248913394589619 0.11248916706970831 0.07480379698577877 0.0 0.01926444833625219
DD16-1 9 0.95 0.9748040016729325 0.076 0.11057577513366025 0.11057520086484604 0.07494033263852001 0.0 0.01926444833625219
DD16-1 10 0.95 0.9748040016729325 0.076 0.10809240091761241 0.10809144001558348 0.07434449273005493 0.0 0.01926444833625219
DD16-1 1 0.95 0.9651529027025549 0.076 0.0 0.0 0.0 0.0 0.01926444833625219
DD16-1 2 0.95 0.9651529027025549 0.076 0.01 0.01 0.01 0.0 0.01926444833625219
DD16-1 3 0.95 0.9651529027025549 0.076 0.06445353353190407 0.051186403732855205 0.02852465537312764 0.0 0.01926444833625219
DD16-1 4 0.95 0.9651529027025549 0.076 0.09891942021734293 0.09270407029754878 0.042756288148306475 0.0 0.01926444833625219
DD16-1 5 0.95 0.9651529027025549 0.076 0.11183358818390954 0.10893792910336639 0.047877220354460064 0.0 0.01926444833625219
DD16-1 6 0.95 0.9651529027025549 0.076 0.11591325171320468 0.11493122849956046 0.05050337101469928 0.0 0.01926444833625219
DD16-1 7 0.95 0.9651529027025549 0.076 0.11604605334749304 0.11625546749629283 0.05342578532603099 0.0 0.01926444833625219
DD16-1 8 0.95 0.9651529027025549 0.076 0.11432002725960277 0.11530864703174373 0.05508089549361047 0.0 0.01926444833625219
DD16-1 9 0.95 0.9651529027025549 0.076 0.11171537277843642 0.11323053352516342 0.055545158134238125 0.0 0.01926444833625219
DD16-1 10 0.95 0.9651529027025549 0.076 0.1087228685573494 0.11060198684664364 0.055323975654147636 0.0 0.01926444833625219
DD16-1 1 0.95 0.9998786605379777 0.076 0.7061459151150646 0.7061459151150646 0.7061459151150646 0.4 0.01926444833625219
DD16-1 2 0.95 0.9998786605379777 0.076 0.5781170347301521 0.5781170347301521 0.5323729732575662 0.4 0.01926444833625219
DD16-1 3 0.95 0.9998786605379777 0.076 0.4868490449409681 0.48687508660763473 0.43571532248283706 0.4 0.01926444833625219
DD16-1 4 0.95 0.9998786605379777 0.076 0.422247043304609 0.4222592117306926 0.3747364957871363 0.4 0.01926444833625219
DD16-1 5 0.95 0.9998786605379777 0.076 0.37435541107343057 0.37435889664827265 0.33047719914171453 0.4 0.01926444833625219
DD16-1 6 0.95 0.9998786605379777 0.076 0.3373507148845539 0.3373509676012585 0.29726433436254374 0.4 0.01926444833625219
DD16-1 7 0.95 0.9998786605379777 0.076 0.30781009447046176 0.30780940271586255 0.2717794212784491 0.4 0.01926444833625219
DD16-1 8 0.95 0.9998786605379777 0.076 0.2836145316589401 0.2836132666480975 0.2509642121119465 0.4 0.01926444833625219
DD16-1 9 0.95 0.9998786605379777 0.076 0.26338532142636517 0.2633836764338545 0.23366031179792074 0.4 0.01926444833625219
DD16-1 10 0.95 0.9998786605379777 0.076 0.24618643685060793 0.2461845347192346 0.218964900453843 0.4 0.01926444833625219
DD16-1 1 0.95 0.9628027313556308 0.076 0.0 0.0 0.0 0.0 0.01926444833625219
DD16-1 2 0.95 0.9628027313556308 0.076 0.01 0.01 0.01 0.0 0.01926444833625219
DD16-1 3 0.95 0.9628027313556308 0.076 0.08467632428681456 0.051186403732855205 0.024775107133597915 0.0 0.01926444833625219
DD16-1 4 0.95 0.9628027313556308 0.076 0.11869263405797743 0.09270407029754878 0.03826131916344258 0.0 0.01926444833625219
DD16-1 5 0.95 0.9628027313556308 0.076 0.13028740891172982 0.10893792910336639 0.043204248171230315 0.0 0.01926444833625219
DD16-1 6 0.95 0.9628027313556308 0.076 0.1331118006814426 0.11493122849956046 0.04475020183746712 0.0 0.01926444833625219
DD16-1 7 0.95 0.9628027313556308 0.076 0.1321248069307923 0.11625546749629283 0.04478343465684746 0.0 0.01926444833625219
DD16-1 8 0.95 0.9628027313556308 0.076 0.12941266492274045 0.11530864703174373 0.04410550252805258 0.0 0.01926444833625219
DD16-1 9 0.95 0.9628027313556308 0.076 0.12593991884617403 0.11323053352516342 0.045331705532155916 0.0 0.01926444833625219
DD16-1 10 0.95 0.9628027313556308 0.076 0.12218014275894118 0.11060198684664364 0.04704970227360836 0.0 0.01926444833625219
DD16-1 1 0.95 0.9604322667538779 0.076 0.0 0.0 0.0 0.0 0.01926444833625219
DD16-1 2 0.95 0.9604322667538779 0.076 0.0 0.0 0.0 0.0 0.01926444833625219
DD16-1 3 0.95 0.9604322667538779 0.076 0.0 0.0 0.0 0.0 0.01926444833625219
DD16-1 4 0.95 0.9604322667538779 0.076 0.0 0.0 0.0 0.0 0.01926444833625219
DD16-1 5 0.95 0.9604322667538779 0.076 0.0 0.0 0.0 0.0 0.01926444833625219
DD16-1 6 0.95 0.9604322667538779 0.076 0.0 0.0 0.0 0.0 0.01926444833625219
DD16-1 7 0.95 0.9604322667538779 0.076 0.0016850438272697436 0.0016850438272697436 0.0016850438272697436 0.0 0.01926444833625219
DD16-1 8 0.95 0.9604322667538779 0.076 0.014346330563482116 0.014346330563482116 0.007924971750128013 0.0 0.01926444833625219
DD16-1 9 0.95 0.9604322667538779 0.076 0.023325043320739997 0.023327936839258514 0.012964202103172477 0.0 0.01926444833625219
DD16-1 10 0.95 0.9604322667538779 0.076 0.029563249259744878 0.029565196207918244 0.016562805936332765 0.0 0.01926444833625219
DD16-1 1 0.95 0.9722791870444181 0.076 0.0 0.0 0.0 0.0 0.01926444833625219
DD16-1 2 0.95 0.9722791870444181 0.076 0.0 0.0 0.0 0.0 0.01926444833625219
DD16-1 3 0.95 0.9722791870444181 0.076 0.0 0.0 0.0 0.0 0.01926444833625219
DD16-1 4 0.95 0.9722791870444181 0.076 0.0 0.0 0.0 0.0 0.01926444833625219
DD16-1 5 0.95 0.9722791870444181 0.076 0.002133333333333333 0.002133333333333333 0.002133333333333333 0.0 0.01926444833625219
DD16-1 6 0.95 0.9722791870444181 0.076 0.013687828556306656 0.01706486742807547 0.005481481481481481 0.0 0.01926444833625219
DD16-1 7 0.95 0.9722791870444181 0.076 0.027959649527680548 0.030519002505785382 0.009377703754292204 0.0 0.01926444833625219
DD16-1 8 0.95 0.9722791870444181 0.076 0.037299493259885644 0.03909674585851027 0.014571739386661195 0.0 0.01926444833625219
DD16-1 9 0.95 0.9722791870444181 0.076 0.043301055792732565 0.044548335205939885 0.018106236374636535 0.0 0.01926444833625219
DD16-1 10 0.95 0.9722791870444181 0.076 0.04719015936057569 0.048028137448469774 0.020870011842232413 0.0 0.01926444833625219
DD16-1 1 0.95 0.9505914521460556 0.076 0.0 0.0 0.0 0.0 0.01926444833625219
DD16-1 2 0.95 0.9505914521460556 0.076 0.0 0.0 0.0 0.0 0.01926444833625219
DD16-1 3 0.95 0.9505914521460556 0.076 0.0 0.0 0.0 0.0 0.01926444833625219
DD16-1 4 0.95 0.9505914521460556 0.076 0.0 0.0 0.0 0.0 0.01926444833625219
DD16-1 5 0.95 0.9505914521460556 0.076 5.333333333333333E-4 5.333333333333333E-4 5.333333333333333E-4 0.0 0.01926444833625219
DD16-1 6 0.95 0.9505914521460556 0.076 0.004535879629629629 0.01695937428484627 0.0022962962962962963 0.0 0.01926444833625219
DD16-1 7 0.95 0.9505914521460556 0.076 0.014494963359274325 0.02875853480266292 0.003328798185941042 0.0 0.01926444833625219
DD16-1 8 0.95 0.9505914521460556 0.076 0.02276894938742167 0.03619699618543897 0.003954365079365078 0.0 0.01926444833625219
DD16-1 9 0.95 0.9505914521460556 0.076 0.028248796668539248 0.040903391832294765 0.00433803644914756 0.0 0.01926444833625219
DD16-1 10 0.95 0.9505914521460556 0.076 0.031914476237856 0.04388461387139698 0.00457089947089947 0.0 0.01926444833625219
DD16-1 1 0.95 0.9573139203952952 0.076 0.0 0.0 0.0 0.0 0.01926444833625219
DD16-1 2 0.95 0.9573139203952952 0.076 0.040965691661577174 0.040965691661577174 0.040965691661577174 0.0 0.01926444833625219
DD16-1 3 0.95 0.9573139203952952 0.076 0.11913943957045452 0.09646693686796977 0.08902105187491409 0.0 0.01926444833625219
DD16-1 4 0.95 0.9573139203952952 0.076 0.14446135280495687 0.1207138865978864 0.10397799621273329 0.0 0.01926444833625219
DD16-1 5 0.95 0.9573139203952952 0.076 0.15098088142637253 0.12792360151580928 0.10746487631304386 0.0 0.01926444833625219
DD16-1 6 0.95 0.9573139203952952 0.076 0.15041788665575984 0.1284137598275424 0.10742034597197453 0.0 0.01926444833625219
DD16-1 7 0.95 0.9573139203952952 0.076 0.1470040872513683 0.12609527933546866 0.1062556524380654 0.0 0.01926444833625219
DD16-1 8 0.95 0.9573139203952952 0.076 0.14246687362269012 0.12260401619954395 0.10438600736041863 0.0 0.01926444833625219
DD16-1 9 0.95 0.9573139203952952 0.076 0.13757118656519746 0.11867673139556056 0.1018201291911762 0.0 0.01926444833625219
DD16-1 10 0.95 0.9573139203952952 0.076 0.1326705803045358 0.11466232574834248 0.09897324561740986 0.0 0.01926444833625219
DD16-1 1 0.95 0.9589100855345929 0.076 0.24579414996946305 0.24579414996946305 0.24579414996946305 0.2 0.01926444833625219
DD16-1 2 0.95 0.9589100855345929 0.076 0.29617270981997307 0.27849914544529775 0.22531130413867445 0.2 0.01926444833625219
DD16-1 3 0.95 0.9589100855345929 0.076 0.2877582333806582 0.2716459795358146 0.1957249712719798 0.2 0.01926444833625219
DD16-1 4 0.95 0.9589100855345929 0.076 0.267109704880208 0.25272275377295494 0.17239728574247057 0.2 0.01926444833625219
DD16-1 5 0.95 0.9589100855345929 0.076 0.24652814350163565 0.23358569535105392 0.15649241553180268 0.2 0.01926444833625219
DD16-1 6 0.95 0.9589100855345929 0.076 0.22824679761144298 0.21646837875591107 0.14577404003642294 0.2 0.01926444833625219
DD16-1 7 0.95 0.9589100855345929 0.076 0.212396087292014 0.20157129187209863 0.13781922833831406 0.2 0.01926444833625219
DD16-1 8 0.95 0.9589100855345929 0.076 0.19867537676373775 0.18864560033610572 0.13070928401430978 0.2 0.01926444833625219
DD16-1 9 0.95 0.9589100855345929 0.076 0.18673667252071408 0.17738037004238771 0.12439277279853561 0.2 0.01926444833625219
DD16-1 10 0.95 0.9589100855345929 0.076 0.17627344015389132 0.16749560335525313 0.11932552396909289 0.2 0.01926444833625219
DD16-1 1 0.95 0.9602899973420209 0.076 0.0 0.0 0.0 0.0 0.01926444833625219
DD16-1 2 0.95 0.9602899973420209 0.076 0.0 0.0 0.0 0.0 0.01926444833625219
DD16-1 3 0.95 0.9602899973420209 0.076 0.0 0.0 0.0 0.0 0.01926444833625219
DD16-1 4 0.95 0.9602899973420209 0.076 0.005 0.005 0.005 0.0 0.01926444833625219
DD16-1 5 0.95 0.9602899973420209 0.076 0.022620449547889453 0.02911483230351196 0.008 0.0 0.01926444833625219
DD16-1 6 0.95 0.9602899973420209 0.076 0.03790345393040589 0.04454591077237866 0.009444444444444445 0.0 0.01926444833625219
DD16-1 7 0.95 0.9602899973420209 0.076 0.0465713050010978 0.053273293728412406 0.011360544217687075 0.0 0.01926444833625219
DD16-1 8 0.95 0.9602899973420209 0.076 0.05153900763468777 0.0581816999248234 0.013065476190476193 0.0 0.01926444833625219
DD16-1 9 0.95 0.9602899973420209 0.076 0.054338251692657116 0.0608589117302937 0.014082892416225757 0.0 0.01926444833625219
DD16-1 10 0.95 0.9602899973420209 0.076 0.05581046348450322 0.06217820553854786 0.014674603174603182 0.0 0.01926444833625219
DD16-1 1 0.95 0.9523553763886778 0.076 0.0 0.0 0.0 0.0 0.01926444833625219
DD16-1 2 0.95 0.9523553763886778 0.076 0.0 0.0 0.0 0.0 0.01926444833625219
DD16-1 3 0.95 0.9523553763886778 0.076 0.0 0.0 0.0 0.0 0.01926444833625219
DD16-1 4 0.95 0.9523553763886778 0.076 0.0030257747946428807 0.0030257747946428807 0.0030257747946428807 0.0 0.01926444833625219
DD16-1 5 0.95 0.9523553763886778 0.076 0.036745559787857235 0.036703497804285806 0.012103099178571523 0.0 0.01926444833625219
DD16-1 6 0.95 0.9523553763886778 0.076 0.05591465446933903 0.05577604222220201 0.016809859970238226 0.0 0.01926444833625219
DD16-1 7 0.95 0.9523553763886778 0.076 0.06653364381419571 0.0663696097948268 0.02568203841548727 0.0 0.01926444833625219
DD16-1 8 0.95 0.9523553763886778 0.076 0.07246503618046196 0.0722873391914098 0.0325721946868401 0.0 0.01926444833625219
DD16-1 9 0.95 0.9523553763886778 0.076 0.07567155599994438 0.07548684584567264 0.03701593818283497 0.0 0.01926444833625219
DD16-1 10 0.95 0.9523553763886778 0.076 0.07722355929039973 0.07703566900517189 0.040354002768361034 0.0 0.01926444833625219
DD16-1 1 0.95 0.9814154867467111 0.076 0.0 0.0 0.0 0.0 0.01926444833625219
DD16-1 2 0.95 0.9814154867467111 0.076 0.002718216255952429 0.002718216255952429 0.002718216255952429 0.0 0.01926444833625219
DD16-1 3 0.95 0.9814154867467111 0.076 0.041814446961863844 0.06650493669361802 0.007852624739418128 0.0 0.01926444833625219
DD16-1 4 0.95 0.9814154867467111 0.076 0.0734938204479586 0.09266446150892113 0.009287238874504129 0.0 0.01926444833625219
DD16-1 5 0.95 0.9814154867467111 0.076 0.08646438759050451 0.101884667821991 0.012804364104365244 0.0 0.01926444833625219
DD16-1 6 0.95 0.9814154867467111 0.076 0.09128855708469266 0.10420079739378839 0.014958201340277944 0.0 0.01926444833625219
DD16-1 7 0.95 0.9814154867467111 0.076 0.09238533480966514 0.1034956585964217 0.016515825470967117 0.0 0.01926444833625219
DD16-1 8 0.95 0.9814154867467111 0.076 0.09166218909458125 0.1014162453851096 0.018946623200414698 0.0 0.01926444833625219
DD16-1 9 0.95 0.9814154867467111 0.076 0.0900306342864845 0.09872667889483352 0.020393265788669627 0.0 0.01926444833625219
DD16-1 10 0.95 0.9814154867467111 0.076 0.08795561050688137 0.0958029294947493 0.021230915794326483 0.0 0.01926444833625219
DD16-1 1 0.95 0.9538456460299992 0.076 0.0 0.0 0.0 0.0 0.01926444833625219
DD16-1 2 0.95 0.9538456460299992 0.076 0.0 0.0 0.0 0.0 0.01926444833625219
DD16-1 3 0.95 0.9538456460299992 0.076 0.0 0.0 0.0 0.0 0.01926444833625219
DD16-1 4 0.95 0.9538456460299992 0.076 0.00625 0.00625 0.00625 0.0 0.01926444833625219
DD16-1 5 0.95 0.9538456460299992 0.076 0.03144679894356795 0.01661553717602108 0.008999999999999998 0.0 0.01926444833625219
DD16-1 6 0.95 0.9538456460299992 0.076 0.04978098982298214 0.03794944328501508 0.010277777777777776 0.0 0.01926444833625219
DD16-1 7 0.95 0.9538456460299992 0.076 0.0601428443328967 0.05024344903300432 0.010850340136054421 0.0 0.01926444833625219
DD16-1 8 0.95 0.9538456460299992 0.076 0.0660093878381495 0.057526641589762804 0.012619047619047622 0.0 0.01926444833625219
DD16-1 9 0.95 0.9538456460299992 0.076 0.06925071715136537 0.06185197614584105 0.013686067019400358 0.0 0.01926444833625219
DD16-1 10 0.95 0.9538456460299992 0.076 0.07089199394254883 0.06434810646378288 0.017242343748957917 0.0 0.01926444833625219
