DD16-1  1 0  0 2.710309917857152 2.710309917857152 2.710309917857152 0.32523719014285823 0.32523719014285823 0.32523719014285823
DD16-1  2 0  0 2.710309917857152 2.710309917857152 2.710309917857152 0.32523719014285823 0.32523719014285823 0.32523719014285823
DD16-1  3 0  0 2.710309917857152 2.710309917857152 2.710309917857152 0.32523719014285823 0.32523719014285823 0.32523719014285823
DD16-1  4 0  0 2.710309917857152 2.710309917857152 2.710309917857152 0.32523719014285823 0.32523719014285823 0.32523719014285823
DD16-1  5 0  0 2.710309917857152 2.710309917857152 2.710309917857152 0.32523719014285823 0.32523719014285823 0.32523719014285823
DD16-1  6 0  0 2.710309917857152 2.710309917857152 2.710309917857152 0.32523719014285823 0.32523719014285823 0.32523719014285823
DD16-1  7 0  0 2.710309917857152 2.710309917857152 2.710309917857152 0.32523719014285823 0.32523719014285823 0.32523719014285823
DD16-1  8 0  0 2.710309917857152 2.710309917857152 2.710309917857152 0.32523719014285823 0.32523719014285823 0.32523719014285823
DD16-1  9 0  0 2.710309917857152 2.710309917857152 2.710309917857152 0.32523719014285823 0.32523719014285823 0.32523719014285823
DD16-1  10 0  0 2.710309917857152 2.710309917857152 2.710309917857152 0.32523719014285823 0.32523719014285823 0.32523719014285823
DD16-1  11 0  0 2.710309917857152 2.710309917857152 2.710309917857152 0.32523719014285823 0.32523719014285823 0.32523719014285823
DD16-1  12 0  0 2.710309917857152 2.710309917857152 2.710309917857152 0.32523719014285823 0.32523719014285823 0.32523719014285823
DD16-1  13 0  0 2.710309917857152 2.710309917857152 2.710309917857152 0.32523719014285823 0.32523719014285823 0.32523719014285823
DD16-1  14 0  0 2.710309917857152 2.710309917857152 2.710309917857152 0.32523719014285823 0.32523719014285823 0.32523719014285823
DD16-1  15 0  0 2.710309917857152 2.710309917857152 2.710309917857152 0.32523719014285823 0.32523719014285823 0.32523719014285823
DD16-1  16 0  0 2.710309917857152 2.710309917857152 2.710309917857152 0.32523719014285823 0.32523719014285823 0.32523719014285823
DD16-1  17 0  0 2.710309917857152 2.710309917857152 2.710309917857152 0.32523719014285823 0.32523719014285823 0.32523719014285823
DD16-1  18 0  0 2.710309917857152 2.710309917857152 2.710309917857152 0.32523719014285823 0.32523719014285823 0.32523719014285823
DD16-1  19 0  0 2.710309917857152 2.710309917857152 2.710309917857152 0.32523719014285823 0.32523719014285823 0.32523719014285823
DD16-1  20 0  0 2.710309917857152 2.710309917857152 2.710309917857152 0.32523719014285823 0.32523719014285823 0.32523719014285823
DD16-1  21 0  0 2.710309917857152 2.710309917857152 2.710309917857152 0.32523719014285823 0.32523719014285823 0.32523719014285823
DD16-1  1 1  0 2.710309917857152 2.710309917857152 2.710309917857152 0.32523719014285823 0.32523719014285823 0.32523719014285823
DD16-1  2 1  0 2.710309917857152 2.710309917857152 2.710309917857152 0.32523719014285823 0.32523719014285823 0.32523719014285823
DD16-1  3 1  0 2.710309917857152 2.710309917857152 2.710309917857152 0.32523719014285823 0.32523719014285823 0.32523719014285823
DD16-1  4 1  0 2.710309917857152 2.710309917857152 2.710309917857152 0.32523719014285823 0.32523719014285823 0.32523719014285823
DD16-1  5 1  0 2.710309917857152 2.710309917857152 2.710309917857152 0.32523719014285823 0.32523719014285823 0.32523719014285823
DD16-1  6 1  0 2.710309917857152 2.710309917857152 2.710309917857152 0.32523719014285823 0.32523719014285823 0.32523719014285823
DD16-1  7 1  0 2.710309917857152 2.710309917857152 2.710309917857152 0.32523719014285823 0.32523719014285823 0.32523719014285823
DD16-1  8 1  0 2.710309917857152 2.710309917857152 2.710309917857152 0.32523719014285823 0.32523719014285823 0.32523719014285823
DD16-1  9 1  0 2.710309917857152 2.710309917857152 2.710309917857152 0.32523719014285823 0.32523719014285823 0.32523719014285823
DD16-1  10 1  0 2.710309917857152 2.710309917857152 2.710309917857152 0.32523719014285823 0.32523719014285823 0.32523719014285823
DD16-1  11 1  0 2.710309917857152 2.710309917857152 2.710309917857152 0.32523719014285823 0.32523719014285823 0.32523719014285823
DD16-1  12 1  0 2.710309917857152 2.710309917857152 2.710309917857152 0.32523719014285823 0.32523719014285823 0.32523719014285823
DD16-1  13 1  0 2.710309917857152 2.710309917857152 2.710309917857152 0.32523719014285823 0.32523719014285823 0.32523719014285823
DD16-1  14 1  0 2.710309917857152 2.710309917857152 2.710309917857152 0.32523719014285823 0.32523719014285823 0.32523719014285823
DD16-1  15 1  0 2.710309917857152 2.710309917857152 2.710309917857152 0.32523719014285823 0.32523719014285823 0.32523719014285823
DD16-1  16 1  0 2.710309917857152 2.710309917857152 2.710309917857152 0.32523719014285823 0.32523719014285823 0.32523719014285823
DD16-1  17 1  0 2.710309917857152 2.710309917857152 2.710309917857152 0.32523719014285823 0.32523719014285823 0.32523719014285823
DD16-1  18 1  0 2.710309917857152 2.710309917857152 2.710309917857152 0.32523719014285823 0.32523719014285823 0.32523719014285823
DD16-1  19 1  0 2.710309917857152 2.710309917857152 2.710309917857152 0.32523719014285823 0.32523719014285823 0.32523719014285823
DD16-1  20 1  0 2.710309917857152 2.710309917857152 2.710309917857152 0.32523719014285823 0.32523719014285823 0.32523719014285823
DD16-1  21 1  0 2.710309917857152 2.710309917857152 2.710309917857152 0.32523719014285823 0.32523719014285823 0.32523719014285823
DD16-1  1 2  0 2.710309917857152 2.710309917857152 2.710309917857152 0.32523719014285823 0.32523719014285823 0.32523719014285823
DD16-1  2 2  0 2.710309917857152 2.710309917857152 2.710309917857152 0.32523719014285823 0.32523719014285823 0.32523719014285823
DD16-1  3 2  0 2.710309917857152 2.710309917857152 2.710309917857152 0.32523719014285823 0.32523719014285823 0.32523719014285823
DD16-1  4 2  0 2.710309917857152 2.710309917857152 2.710309917857152 0.32523719014285823 0.32523719014285823 0.32523719014285823
DD16-1  5 2  0 2.710309917857152 2.710309917857152 2.710309917857152 0.32523719014285823 0.32523719014285823 0.32523719014285823
DD16-1  6 2  0 2.710309917857152 2.710309917857152 2.710309917857152 0.32523719014285823 0.32523719014285823 0.32523719014285823
DD16-1  7 2  0 2.710309917857152 2.710309917857152 2.710309917857152 0.32523719014285823 0.32523719014285823 0.32523719014285823
DD16-1  8 2  0 2.710309917857152 2.710309917857152 2.710309917857152 0.32523719014285823 0.32523719014285823 0.32523719014285823
DD16-1  9 2  0 2.710309917857152 2.710309917857152 2.710309917857152 0.32523719014285823 0.32523719014285823 0.32523719014285823
DD16-1  10 2  0 2.710309917857152 2.710309917857152 2.710309917857152 0.32523719014285823 0.32523719014285823 0.32523719014285823
DD16-1  11 2  0 2.710309917857152 2.710309917857152 2.710309917857152 0.32523719014285823 0.32523719014285823 0.32523719014285823
DD16-1  12 2  0 2.710309917857152 2.710309917857152 2.710309917857152 0.32523719014285823 0.32523719014285823 0.32523719014285823
DD16-1  13 2  0 2.710309917857152 2.710309917857152 2.710309917857152 0.32523719014285823 0.32523719014285823 0.32523719014285823
DD16-1  14 2  0 2.710309917857152 2.710309917857152 2.710309917857152 0.32523719014285823 0.32523719014285823 0.32523719014285823
DD16-1  15 2  0 2.710309917857152 2.710309917857152 2.710309917857152 0.32523719014285823 0.32523719014285823 0.32523719014285823
DD16-1  16 2  0 2.710309917857152 2.710309917857152 2.710309917857152 0.32523719014285823 0.32523719014285823 0.32523719014285823
DD16-1  17 2  0 2.710309917857152 2.710309917857152 2.710309917857152 0.32523719014285823 0.32523719014285823 0.32523719014285823
DD16-1  18 2  0 2.710309917857152 2.710309917857152 2.710309917857152 0.32523719014285823 0.32523719014285823 0.32523719014285823
DD16-1  19 2  0 2.710309917857152 2.710309917857152 2.710309917857152 0.32523719014285823 0.32523719014285823 0.32523719014285823
DD16-1  20 2  0 2.710309917857152 2.710309917857152 2.710309917857152 0.32523719014285823 0.32523719014285823 0.32523719014285823
DD16-1  21 2  0 2.710309917857152 2.710309917857152 2.710309917857152 0.32523719014285823 0.32523719014285823 0.32523719014285823
DD16-1  1 3  0 2.710309917857152 2.710309917857152 2.710309917857152 0.32523719014285823 0.32523719014285823 0.32523719014285823
DD16-1  2 3  0 2.710309917857152 2.710309917857152 2.960309917857152 0.32523719014285823 0.32523719014285823 0.3031340909642868
DD16-1  3 3  0 2.710309917857152 2.710309917857152 2.960309917857152 0.32523719014285823 0.32523719014285823 0.3031340909642868
DD16-1  4 3  0 2.710309917857152 2.710309917857152 2.960309917857152 0.32523719014285823 0.32523719014285823 0.3031340909642868
DD16-1  5 3  0 2.710309917857152 2.710309917857152 2.960309917857152 0.32523719014285823 0.32523719014285823 0.3031340909642868
DD16-1  6 3  0 2.710309917857152 2.710309917857152 2.960309917857152 0.32523719014285823 0.32523719014285823 0.3031340909642868
DD16-1  7 3  0 2.710309917857152 2.710309917857152 2.960309917857152 0.32523719014285823 0.32523719014285823 0.3031340909642868
DD16-1  8 3  0 2.710309917857152 2.710309917857152 2.960309917857152 0.32523719014285823 0.32523719014285823 0.3031340909642868
DD16-1  9 3  0 2.710309917857152 2.710309917857152 2.960309917857152 0.32523719014285823 0.32523719014285823 0.3031340909642868
DD16-1  10 3  0 2.710309917857152 2.710309917857152 2.960309917857152 0.32523719014285823 0.32523719014285823 0.3031340909642868
DD16-1  11 3  0 2.710309917857152 2.710309917857152 2.960309917857152 0.32523719014285823 0.32523719014285823 0.3031340909642868
DD16-1  12 3  0 2.710309917857152 2.710309917857152 2.960309917857152 0.32523719014285823 0.32523719014285823 0.3031340909642868
DD16-1  13 3  0 2.710309917857152 2.710309917857152 2.960309917857152 0.32523719014285823 0.32523719014285823 0.3031340909642868
DD16-1  14 3  0 2.710309917857152 2.710309917857152 2.960309917857152 0.32523719014285823 0.32523719014285823 0.3031340909642868
DD16-1  15 3  0 2.710309917857152 2.710309917857152 2.960309917857152 0.32523719014285823 0.32523719014285823 0.3031340909642868
DD16-1  16 3  0 2.710309917857152 2.710309917857152 2.960309917857152 0.32523719014285823 0.32523719014285823 0.3031340909642868
DD16-1  17 3  0 2.710309917857152 2.710309917857152 2.960309917857152 0.32523719014285823 0.32523719014285823 0.3031340909642868
DD16-1  18 3  0 2.710309917857152 2.710309917857152 2.960309917857152 0.32523719014285823 0.32523719014285823 0.3031340909642868
DD16-1  19 3  0 2.710309917857152 2.710309917857152 2.960309917857152 0.32523719014285823 0.32523719014285823 0.3031340909642868
DD16-1  20 3  0 2.710309917857152 2.710309917857152 2.960309917857152 0.32523719014285823 0.32523719014285823 0.3031340909642868
DD16-1  21 3  0 2.710309917857152 2.710309917857152 2.960309917857152 0.32523719014285823 0.32523719014285823 0.3031340909642868
DD16-1  1 4  0 2.710309917857152 2.710309917857152 2.710309917857152 0.32523719014285823 0.32523719014285823 0.32523719014285823
DD16-1  2 4  0 2.710309917857152 2.710309917857152 2.960309917857152 0.32523719014285823 0.32523719014285823 0.3031340909642868
DD16-1  3 4  0 2.710309917857152 2.710309917857152 2.960309917857152 0.32523719014285823 0.32523719014285823 0.3031340909642868
DD16-1  4 4  0 2.710309917857152 2.710309917857152 2.960309917857152 0.32523719014285823 0.32523719014285823 0.3031340909642868
DD16-1  5 4  0 2.710309917857152 2.710309917857152 2.960309917857152 0.32523719014285823 0.32523719014285823 0.3031340909642868
DD16-1  6 4  0 2.710309917857152 2.710309917857152 2.960309917857152 0.32523719014285823 0.32523719014285823 0.3031340909642868
DD16-1  7 4  0 2.710309917857152 2.710309917857152 2.960309917857152 0.32523719014285823 0.32523719014285823 0.3031340909642868
DD16-1  8 4  0 2.710309917857152 2.710309917857152 2.960309917857152 0.32523719014285823 0.32523719014285823 0.3031340909642868
DD16-1  9 4  0 2.710309917857152 2.710309917857152 2.960309917857152 0.32523719014285823 0.32523719014285823 0.3031340909642868
DD16-1  10 4  0 2.710309917857152 2.710309917857152 2.960309917857152 0.32523719014285823 0.32523719014285823 0.3031340909642868
DD16-1  11 4  0 2.710309917857152 2.710309917857152 2.960309917857152 0.32523719014285823 0.32523719014285823 0.3031340909642868
DD16-1  12 4  0 2.710309917857152 2.710309917857152 2.960309917857152 0.32523719014285823 0.32523719014285823 0.3031340909642868
DD16-1  13 4  0 2.710309917857152 2.710309917857152 2.960309917857152 0.32523719014285823 0.32523719014285823 0.3031340909642868
DD16-1  14 4  0 2.710309917857152 2.710309917857152 2.960309917857152 0.32523719014285823 0.32523719014285823 0.3031340909642868
DD16-1  15 4  0 2.710309917857152 2.710309917857152 2.960309917857152 0.32523719014285823 0.32523719014285823 0.3031340909642868
DD16-1  16 4  0 2.710309917857152 2.710309917857152 2.960309917857152 0.32523719014285823 0.32523719014285823 0.3031340909642868
DD16-1  17 4  0 2.710309917857152 2.710309917857152 2.960309917857152 0.32523719014285823 0.32523719014285823 0.3031340909642868
DD16-1  18 4  0 2.710309917857152 2.710309917857152 2.960309917857152 0.32523719014285823 0.32523719014285823 0.3031340909642868
DD16-1  19 4  0 2.710309917857152 2.710309917857152 2.960309917857152 0.32523719014285823 0.32523719014285823 0.3031340909642868
DD16-1  20 4  0 2.710309917857152 2.710309917857152 2.960309917857152 0.32523719014285823 0.32523719014285823 0.3031340909642868
DD16-1  21 4  0 2.710309917857152 2.710309917857152 2.960309917857152 0.32523719014285823 0.32523719014285823 0.3031340909642868
DD16-1  1 5  0 2.710309917857152 2.710309917857152 2.710309917857152 0.32523719014285823 0.32523719014285823 0.32523719014285823
DD16-1  2 5  0 2.710309917857152 2.710309917857152 2.960309917857152 0.32523719014285823 0.32523719014285823 0.3031340909642868
DD16-1  3 5  0 2.710309917857152 2.710309917857152 2.960309917857152 0.32523719014285823 0.32523719014285823 0.26787405881746124
DD16-1  4 5  0 2.710309917857152 2.710309917857152 2.960309917857152 0.32523719014285823 0.32523719014285823 0.26787405881746124
DD16-1  5 5  0 2.710309917857152 2.710309917857152 2.960309917857152 0.32523719014285823 0.32523719014285823 0.26787405881746124
DD16-1  6 5  0 2.710309917857152 2.710309917857152 2.960309917857152 0.32523719014285823 0.32523719014285823 0.26787405881746124
DD16-1  7 5  0 2.710309917857152 2.710309917857152 2.960309917857152 0.32523719014285823 0.32523719014285823 0.26787405881746124
DD16-1  8 5  0 2.710309917857152 2.710309917857152 2.960309917857152 0.32523719014285823 0.32523719014285823 0.26787405881746124
DD16-1  9 5  0 2.710309917857152 2.710309917857152 2.960309917857152 0.32523719014285823 0.32523719014285823 0.26787405881746124
DD16-1  10 5  0 2.710309917857152 2.710309917857152 2.960309917857152 0.32523719014285823 0.32523719014285823 0.26787405881746124
DD16-1  11 5  0 2.710309917857152 2.710309917857152 2.960309917857152 0.32523719014285823 0.32523719014285823 0.26787405881746124
DD16-1  12 5  0 2.710309917857152 2.710309917857152 2.960309917857152 0.32523719014285823 0.32523719014285823 0.26787405881746124
DD16-1  13 5  0 2.710309917857152 2.710309917857152 2.960309917857152 0.32523719014285823 0.32523719014285823 0.26787405881746124
DD16-1  14 5  0 2.710309917857152 2.710309917857152 2.960309917857152 0.32523719014285823 0.32523719014285823 0.26787405881746124
DD16-1  15 5  0 2.710309917857152 2.710309917857152 2.960309917857152 0.32523719014285823 0.32523719014285823 0.26787405881746124
DD16-1  16 5  0 2.710309917857152 2.710309917857152 2.960309917857152 0.32523719014285823 0.32523719014285823 0.26787405881746124
DD16-1  17 5  0 2.710309917857152 2.710309917857152 2.960309917857152 0.32523719014285823 0.32523719014285823 0.26787405881746124
DD16-1  18 5  0 2.710309917857152 2.710309917857152 2.960309917857152 0.32523719014285823 0.32523719014285823 0.26787405881746124
DD16-1  19 5  0 2.710309917857152 2.710309917857152 2.960309917857152 0.32523719014285823 0.32523719014285823 0.26787405881746124
DD16-1  20 5  0 2.710309917857152 2.710309917857152 2.960309917857152 0.32523719014285823 0.32523719014285823 0.26787405881746124
DD16-1  21 5  0 2.710309917857152 2.710309917857152 2.960309917857152 0.32523719014285823 0.32523719014285823 0.26787405881746124
DD16-1  1 6  0 2.710309917857152 2.710309917857152 2.710309917857152 0.32523719014285823 0.32523719014285823 0.32523719014285823
DD16-1  2 6  0 4.2723157717261975 2.710309917857152 2.710309917857152 0.3685692705053666 0.32523719014285823 0.32523719014285823
DD16-1  3 6  0 4.2723157717261975 2.710309917857152 2.710309917857152 0.3685692705053666 0.32523719014285823 0.32523719014285823
DD16-1  4 6  0 4.2723157717261975 2.710309917857152 2.710309917857152 0.3685692705053666 0.32523719014285823 0.32523719014285823
DD16-1  5 6  0 4.2723157717261975 2.710309917857152 2.710309917857152 0.3685692705053666 0.32523719014285823 0.32523719014285823
DD16-1  6 6  0 4.2723157717261975 2.710309917857152 2.710309917857152 0.3685692705053666 0.32523719014285823 0.32523719014285823
DD16-1  7 6  0 4.2723157717261975 2.710309917857152 2.710309917857152 0.3685692705053666 0.32523719014285823 0.32523719014285823
DD16-1  8 6  0 4.2723157717261975 2.710309917857152 2.710309917857152 0.3685692705053666 0.32523719014285823 0.32523719014285823
DD16-1  9 6  0 4.2723157717261975 2.710309917857152 2.710309917857152 0.3685692705053666 0.32523719014285823 0.32523719014285823
DD16-1  10 6  0 4.2723157717261975 2.710309917857152 2.710309917857152 0.3685692705053666 0.32523719014285823 0.32523719014285823
DD16-1  11 6  0 4.2723157717261975 2.710309917857152 2.710309917857152 0.3685692705053666 0.32523719014285823 0.32523719014285823
DD16-1  12 6  0 4.2723157717261975 2.710309917857152 2.710309917857152 0.3685692705053666 0.32523719014285823 0.32523719014285823
DD16-1  13 6  0 4.2723157717261975 2.710309917857152 2.710309917857152 0.3685692705053666 0.32523719014285823 0.32523719014285823
DD16-1  14 6  0 4.2723157717261975 2.710309917857152 2.710309917857152 0.3685692705053666 0.32523719014285823 0.32523719014285823
DD16-1  15 6  0 4.2723157717261975 2.710309917857152 2.710309917857152 0.3685692705053666 0.32523719014285823 0.32523719014285823
DD16-1  16 6  0 4.2723157717261975 2.710309917857152 2.710309917857152 0.3685692705053666 0.32523719014285823 0.32523719014285823
DD16-1  17 6  0 4.2723157717261975 2.710309917857152 2.710309917857152 0.3685692705053666 0.32523719014285823 0.32523719014285823
DD16-1  18 6  0 4.2723157717261975 2.710309917857152 2.710309917857152 0.3685692705053666 0.32523719014285823 0.32523719014285823
DD16-1  19 6  0 4.2723157717261975 2.710309917857152 2.710309917857152 0.3685692705053666 0.32523719014285823 0.32523719014285823
DD16-1  20 6  0 4.2723157717261975 2.710309917857152 2.710309917857152 0.3685692705053666 0.32523719014285823 0.32523719014285823
DD16-1  21 6  0 4.2723157717261975 2.710309917857152 2.710309917857152 0.3685692705053666 0.32523719014285823 0.32523719014285823
DD16-1  1 7  0 2.710309917857152 2.710309917857152 2.710309917857152 0.32523719014285823 0.32523719014285823 0.32523719014285823
DD16-1  2 7  0 4.2723157717261975 4.2723157717261975 2.710309917857152 0.3685692705053666 0.3685692705053666 0.32523719014285823
DD16-1  3 7  0 4.283073401292789 4.285026526292789 2.710309917857152 0.34084292884356626 0.34089363404904743 0.32523719014285823
DD16-1  4 7  0 4.283073401292789 4.285026526292789 2.710309917857152 0.34084292884356626 0.3092330571154454 0.32523719014285823
DD16-1  5 7  0 4.283073401292789 4.285026526292789 2.710309917857152 0.34084292884356626 0.3092330571154454 0.32523719014285823
DD16-1  6 7  0 4.283073401292789 4.285026526292789 2.710309917857152 0.34084292884356626 0.3092330571154454 0.32523719014285823
DD16-1  7 7  0 4.283073401292789 4.285026526292789 2.710309917857152 0.34084292884356626 0.3092330571154454 0.32523719014285823
DD16-1  8 7  0 4.283073401292789 4.285026526292789 2.710309917857152 0.34084292884356626 0.3092330571154454 0.32523719014285823
DD16-1  9 7  0 4.283073401292789 4.285026526292789 2.710309917857152 0.34084292884356626 0.3092330571154454 0.32523719014285823
DD16-1  10 7  0 4.283073401292789 4.285026526292789 2.710309917857152 0.34084292884356626 0.3092330571154454 0.32523719014285823
DD16-1  11 7  0 4.283073401292789 4.285026526292789 2.710309917857152 0.34084292884356626 0.3092330571154454 0.32523719014285823
DD16-1  12 7  0 4.283073401292789 4.285026526292789 2.710309917857152 0.34084292884356626 0.3092330571154454 0.32523719014285823
DD16-1  13 7  0 4.283073401292789 4.285026526292789 2.710309917857152 0.34084292884356626 0.3092330571154454 0.32523719014285823
DD16-1  14 7  0 4.283073401292789 4.285026526292789 2.710309917857152 0.34084292884356626 0.3092330571154454 0.32523719014285823
DD16-1  15 7  0 4.283073401292789 4.285026526292789 2.710309917857152 0.34084292884356626 0.3092330571154454 0.32523719014285823
DD16-1  16 7  0 4.283073401292789 4.285026526292789 2.710309917857152 0.34084292884356626 0.3092330571154454 0.32523719014285823
DD16-1  17 7  0 4.283073401292789 4.285026526292789 2.710309917857152 0.34084292884356626 0.3092330571154454 0.32523719014285823
DD16-1  18 7  0 4.283073401292789 4.285026526292789 2.710309917857152 0.34084292884356626 0.3092330571154454 0.32523719014285823
DD16-1  19 7  0 4.283073401292789 4.285026526292789 2.710309917857152 0.34084292884356626 0.3092330571154454 0.32523719014285823
DD16-1  20 7  0 4.283073401292789 4.285026526292789 2.710309917857152 0.34084292884356626 0.3092330571154454 0.32523719014285823
DD16-1  21 7  0 4.283073401292789 4.285026526292789 2.710309917857152 0.34084292884356626 0.3092330571154454 0.32523719014285823
DD16-1  1 8  0 2.710309917857152 2.710309917857152 2.710309917857152 0.32523719014285823 0.32523719014285823 0.32523719014285823
DD16-1  2 8  0 4.2723157717261975 2.710309917857152 2.710309917857152 0.3685692705053666 0.32523719014285823 0.32523719014285823
DD16-1  3 8  0 4.283073401292789 2.710309917857152 2.710309917857152 0.34084292884356626 0.32523719014285823 0.32523719014285823
DD16-1  4 8  0 4.283073401292789 2.710309917857152 2.710309917857152 0.34084292884356626 0.32523719014285823 0.32523719014285823
DD16-1  5 8  0 4.283073401292789 2.710309917857152 2.710309917857152 0.34084292884356626 0.32523719014285823 0.32523719014285823
DD16-1  6 8  0 4.283073401292789 2.710309917857152 2.710309917857152 0.34084292884356626 0.32523719014285823 0.32523719014285823
DD16-1  7 8  0 4.283073401292789 2.710309917857152 2.710309917857152 0.34084292884356626 0.32523719014285823 0.32523719014285823
DD16-1  8 8  0 4.283073401292789 2.710309917857152 2.710309917857152 0.34084292884356626 0.32523719014285823 0.32523719014285823
DD16-1  9 8  0 4.283073401292789 2.710309917857152 2.710309917857152 0.34084292884356626 0.32523719014285823 0.32523719014285823
DD16-1  10 8  0 4.283073401292789 2.710309917857152 2.710309917857152 0.34084292884356626 0.32523719014285823 0.32523719014285823
DD16-1  11 8  0 4.283073401292789 2.710309917857152 2.710309917857152 0.34084292884356626 0.32523719014285823 0.32523719014285823
DD16-1  12 8  0 4.283073401292789 2.710309917857152 2.710309917857152 0.34084292884356626 0.32523719014285823 0.32523719014285823
DD16-1  13 8  0 4.283073401292789 2.710309917857152 2.710309917857152 0.34084292884356626 0.32523719014285823 0.32523719014285823
DD16-1  14 8  0 4.283073401292789 2.710309917857152 2.710309917857152 0.34084292884356626 0.32523719014285823 0.32523719014285823
DD16-1  15 8  0 4.283073401292789 2.710309917857152 2.710309917857152 0.34084292884356626 0.32523719014285823 0.32523719014285823
DD16-1  16 8  0 4.283073401292789 2.710309917857152 2.710309917857152 0.34084292884356626 0.32523719014285823 0.32523719014285823
DD16-1  17 8  0 4.283073401292789 2.710309917857152 2.710309917857152 0.34084292884356626 0.32523719014285823 0.32523719014285823
DD16-1  18 8  0 4.283073401292789 2.710309917857152 2.710309917857152 0.34084292884356626 0.32523719014285823 0.32523719014285823
DD16-1  19 8  0 4.283073401292789 2.710309917857152 2.710309917857152 0.34084292884356626 0.32523719014285823 0.32523719014285823
DD16-1  20 8  0 4.283073401292789 2.710309917857152 2.710309917857152 0.34084292884356626 0.32523719014285823 0.32523719014285823
DD16-1  21 8  0 4.283073401292789 2.710309917857152 2.710309917857152 0.34084292884356626 0.32523719014285823 0.32523719014285823
DD16-1  1 9  0 2.710309917857152 2.710309917857152 2.710309917857152 0.32523719014285823 0.32523719014285823 0.32523719014285823
DD16-1  2 9  0 2.710309917857152 2.710309917857152 2.710309917857152 0.32523719014285823 0.32523719014285823 0.32523719014285823
DD16-1  3 9  0 2.710309917857152 2.710309917857152 2.710309917857152 0.32523719014285823 0.32523719014285823 0.32523719014285823
DD16-1  4 9  0 2.710309917857152 2.710309917857152 2.710309917857152 0.32523719014285823 0.32523719014285823 0.32523719014285823
DD16-1  5 9  0 2.710309917857152 2.710309917857152 2.710309917857152 0.32523719014285823 0.32523719014285823 0.32523719014285823
DD16-1  6 9  0 2.710309917857152 2.710309917857152 2.710309917857152 0.32523719014285823 0.32523719014285823 0.32523719014285823
DD16-1  7 9  0 2.710309917857152 2.710309917857152 2.710309917857152 0.32523719014285823 0.32523719014285823 0.32523719014285823
DD16-1  8 9  0 2.710309917857152 2.710309917857152 2.710309917857152 0.32523719014285823 0.32523719014285823 0.32523719014285823
DD16-1  9 9  0 2.710309917857152 2.710309917857152 2.710309917857152 0.32523719014285823 0.32523719014285823 0.32523719014285823
DD16-1  10 9  0 2.710309917857152 2.710309917857152 2.710309917857152 0.32523719014285823 0.32523719014285823 0.32523719014285823
DD16-1  11 9  0 2.710309917857152 2.710309917857152 2.710309917857152 0.32523719014285823 0.32523719014285823 0.32523719014285823
DD16-1  12 9  0 2.710309917857152 2.710309917857152 2.710309917857152 0.32523719014285823 0.32523719014285823 0.32523719014285823
DD16-1  13 9  0 2.710309917857152 2.710309917857152 2.710309917857152 0.32523719014285823 0.32523719014285823 0.32523719014285823
DD16-1  14 9  0 2.710309917857152 2.710309917857152 2.710309917857152 0.32523719014285823 0.32523719014285823 0.32523719014285823
DD16-1  15 9  0 2.710309917857152 2.710309917857152 2.710309917857152 0.32523719014285823 0.32523719014285823 0.32523719014285823
DD16-1  16 9  0 2.710309917857152 2.710309917857152 2.710309917857152 0.32523719014285823 0.32523719014285823 0.32523719014285823
DD16-1  17 9  0 2.710309917857152 2.710309917857152 2.710309917857152 0.32523719014285823 0.32523719014285823 0.32523719014285823
DD16-1  18 9  0 2.710309917857152 2.710309917857152 2.710309917857152 0.32523719014285823 0.32523719014285823 0.32523719014285823
DD16-1  19 9  0 2.710309917857152 2.710309917857152 2.710309917857152 0.32523719014285823 0.32523719014285823 0.32523719014285823
DD16-1  20 9  0 2.710309917857152 2.710309917857152 2.710309917857152 0.32523719014285823 0.32523719014285823 0.32523719014285823
DD16-1  21 9  0 2.710309917857152 2.710309917857152 2.710309917857152 0.32523719014285823 0.32523719014285823 0.32523719014285823
DD16-1  1 10  0 2.710309917857152 2.710309917857152 2.710309917857152 0.32523719014285823 0.32523719014285823 0.32523719014285823
DD16-1  2 10  0 4.2723157717261975 4.2723157717261975 2.710309917857152 0.3685692705053666 0.3685692705053666 0.32523719014285823
DD16-1  3 10  0 4.283073401292789 4.285026526292789 2.710309917857152 0.34084292884356626 0.34089363404904743 0.32523719014285823
DD16-1  4 10  0 4.283073401292789 4.285026526292789 2.710309917857152 0.34084292884356626 0.34089363404904743 0.32523719014285823
DD16-1  5 10  0 4.283073401292789 4.285026526292789 2.710309917857152 0.34084292884356626 0.34089363404904743 0.32523719014285823
DD16-1  6 10  0 4.283073401292789 4.285026526292789 2.710309917857152 0.34084292884356626 0.34089363404904743 0.32523719014285823
DD16-1  7 10  0 4.283073401292789 4.285026526292789 2.710309917857152 0.34084292884356626 0.34089363404904743 0.32523719014285823
DD16-1  8 10  0 4.283073401292789 4.285026526292789 2.710309917857152 0.34084292884356626 0.34089363404904743 0.32523719014285823
DD16-1  9 10  0 4.283073401292789 4.285026526292789 2.710309917857152 0.34084292884356626 0.34089363404904743 0.32523719014285823
DD16-1  10 10  0 4.283073401292789 4.285026526292789 2.710309917857152 0.34084292884356626 0.34089363404904743 0.32523719014285823
DD16-1  11 10  0 4.283073401292789 4.285026526292789 2.710309917857152 0.34084292884356626 0.34089363404904743 0.32523719014285823
DD16-1  12 10  0 4.283073401292789 4.285026526292789 2.710309917857152 0.34084292884356626 0.34089363404904743 0.32523719014285823
DD16-1  13 10  0 4.283073401292789 4.285026526292789 2.710309917857152 0.34084292884356626 0.34089363404904743 0.32523719014285823
DD16-1  14 10  0 4.283073401292789 4.285026526292789 2.710309917857152 0.34084292884356626 0.34089363404904743 0.32523719014285823
DD16-1  15 10  0 4.283073401292789 4.285026526292789 2.710309917857152 0.34084292884356626 0.34089363404904743 0.32523719014285823
DD16-1  16 10  0 4.283073401292789 4.285026526292789 2.710309917857152 0.34084292884356626 0.34089363404904743 0.32523719014285823
DD16-1  17 10  0 4.283073401292789 4.285026526292789 2.710309917857152 0.34084292884356626 0.34089363404904743 0.32523719014285823
DD16-1  18 10  0 4.283073401292789 4.285026526292789 2.710309917857152 0.34084292884356626 0.34089363404904743 0.32523719014285823
DD16-1  19 10  0 4.283073401292789 4.285026526292789 2.710309917857152 0.34084292884356626 0.34089363404904743 0.32523719014285823
DD16-1  20 10  0 4.283073401292789 4.285026526292789 2.710309917857152 0.34084292884356626 0.34089363404904743 0.32523719014285823
DD16-1  21 10  0 4.283073401292789 4.285026526292789 2.710309917857152 0.34084292884356626 0.34089363404904743 0.32523719014285823
DD16-1  1 11  0 2.710309917857152 2.710309917857152 2.710309917857152 0.32523719014285823 0.32523719014285823 0.32523719014285823
DD16-1  2 11  0 2.710309917857152 2.710309917857152 2.960309917857152 0.32523719014285823 0.32523719014285823 0.3031340909642868
DD16-1  3 11  0 2.710309917857152 2.710309917857152 2.960309917857152 0.32523719014285823 0.32523719014285823 0.26787405881746124
DD16-1  4 11  0 2.710309917857152 2.710309917857152 2.960309917857152 0.32523719014285823 0.32523719014285823 0.26787405881746124
DD16-1  5 11  0 2.710309917857152 2.710309917857152 2.960309917857152 0.32523719014285823 0.32523719014285823 0.26787405881746124
DD16-1  6 11  0 2.710309917857152 2.710309917857152 2.960309917857152 0.32523719014285823 0.32523719014285823 0.26787405881746124
DD16-1  7 11  0 2.710309917857152 2.710309917857152 2.960309917857152 0.32523719014285823 0.32523719014285823 0.26787405881746124
DD16-1  8 11  0 2.710309917857152 2.710309917857152 2.960309917857152 0.32523719014285823 0.32523719014285823 0.26787405881746124
DD16-1  9 11  0 2.710309917857152 2.710309917857152 2.960309917857152 0.32523719014285823 0.32523719014285823 0.26787405881746124
DD16-1  10 11  0 2.710309917857152 2.710309917857152 2.960309917857152 0.32523719014285823 0.32523719014285823 0.26787405881746124
DD16-1  11 11  0 2.710309917857152 2.710309917857152 2.960309917857152 0.32523719014285823 0.32523719014285823 0.26787405881746124
DD16-1  12 11  0 2.710309917857152 2.710309917857152 2.960309917857152 0.32523719014285823 0.32523719014285823 0.26787405881746124
DD16-1  13 11  0 2.710309917857152 2.710309917857152 2.960309917857152 0.32523719014285823 0.32523719014285823 0.26787405881746124
DD16-1  14 11  0 2.710309917857152 2.710309917857152 2.960309917857152 0.32523719014285823 0.32523719014285823 0.26787405881746124
DD16-1  15 11  0 2.710309917857152 2.710309917857152 2.960309917857152 0.32523719014285823 0.32523719014285823 0.26787405881746124
DD16-1  16 11  0 2.710309917857152 2.710309917857152 2.960309917857152 0.32523719014285823 0.32523719014285823 0.26787405881746124
DD16-1  17 11  0 2.710309917857152 2.710309917857152 2.960309917857152 0.32523719014285823 0.32523719014285823 0.26787405881746124
DD16-1  18 11  0 2.710309917857152 2.710309917857152 2.960309917857152 0.32523719014285823 0.32523719014285823 0.26787405881746124
DD16-1  19 11  0 2.710309917857152 2.710309917857152 2.960309917857152 0.32523719014285823 0.32523719014285823 0.26787405881746124
DD16-1  20 11  0 2.710309917857152 2.710309917857152 2.960309917857152 0.32523719014285823 0.32523719014285823 0.26787405881746124
DD16-1  21 11  0 2.710309917857152 2.710309917857152 2.960309917857152 0.32523719014285823 0.32523719014285823 0.26787405881746124
DD16-1  1 12  0 2.710309917857152 2.710309917857152 2.710309917857152 0.32523719014285823 0.32523719014285823 0.32523719014285823
DD16-1  2 12  0 2.710309917857152 4.2723157717261975 2.960309917857152 0.32523719014285823 0.3685692705053666 0.3031340909642868
DD16-1  3 12  0 2.710309917857152 4.285026526292789 2.960309917857152 0.32523719014285823 0.34089363404904743 0.26787405881746124
DD16-1  4 12  0 2.710309917857152 4.285026526292789 2.960309917857152 0.32523719014285823 0.3092330571154454 0.26787405881746124
DD16-1  5 12  0 2.710309917857152 4.285026526292789 2.960309917857152 0.32523719014285823 0.3092330571154454 0.26787405881746124
DD16-1  6 12  0 2.710309917857152 4.285026526292789 2.960309917857152 0.32523719014285823 0.3092330571154454 0.26787405881746124
DD16-1  7 12  0 2.710309917857152 4.285026526292789 2.960309917857152 0.32523719014285823 0.3092330571154454 0.26787405881746124
DD16-1  8 12  0 2.710309917857152 4.285026526292789 2.960309917857152 0.32523719014285823 0.3092330571154454 0.26787405881746124
DD16-1  9 12  0 2.710309917857152 4.285026526292789 2.960309917857152 0.32523719014285823 0.3092330571154454 0.26787405881746124
DD16-1  10 12  0 2.710309917857152 4.285026526292789 2.960309917857152 0.32523719014285823 0.3092330571154454 0.26787405881746124
DD16-1  11 12  0 2.710309917857152 4.285026526292789 2.960309917857152 0.32523719014285823 0.3092330571154454 0.26787405881746124
DD16-1  12 12  0 2.710309917857152 4.285026526292789 2.960309917857152 0.32523719014285823 0.3092330571154454 0.26787405881746124
DD16-1  13 12  0 2.710309917857152 4.285026526292789 2.960309917857152 0.32523719014285823 0.3092330571154454 0.26787405881746124
DD16-1  14 12  0 2.710309917857152 4.285026526292789 2.960309917857152 0.32523719014285823 0.3092330571154454 0.26787405881746124
DD16-1  15 12  0 2.710309917857152 4.285026526292789 2.960309917857152 0.32523719014285823 0.3092330571154454 0.26787405881746124
DD16-1  16 12  0 2.710309917857152 4.285026526292789 2.960309917857152 0.32523719014285823 0.3092330571154454 0.26787405881746124
DD16-1  17 12  0 2.710309917857152 4.285026526292789 2.960309917857152 0.32523719014285823 0.3092330571154454 0.26787405881746124
DD16-1  18 12  0 2.710309917857152 4.285026526292789 2.960309917857152 0.32523719014285823 0.3092330571154454 0.26787405881746124
DD16-1  19 12  0 2.710309917857152 4.285026526292789 2.960309917857152 0.32523719014285823 0.3092330571154454 0.26787405881746124
DD16-1  20 12  0 2.710309917857152 4.285026526292789 2.960309917857152 0.32523719014285823 0.3092330571154454 0.26787405881746124
DD16-1  21 12  0 2.710309917857152 4.285026526292789 2.960309917857152 0.32523719014285823 0.3092330571154454 0.26787405881746124
DD16-1  1 13  0 2.710309917857152 2.710309917857152 2.710309917857152 0.32523719014285823 0.32523719014285823 0.32523719014285823
DD16-1  2 13  0 2.710309917857152 4.2723157717261975 2.710309917857152 0.32523719014285823 0.3685692705053666 0.32523719014285823
DD16-1  3 13  0 2.710309917857152 4.285026526292789 2.710309917857152 0.32523719014285823 0.34089363404904743 0.32523719014285823
DD16-1  4 13  0 2.710309917857152 4.285026526292789 2.710309917857152 0.32523719014285823 0.3092330571154454 0.32523719014285823
DD16-1  5 13  0 2.710309917857152 4.286208469571947 2.710309917857152 0.32523719014285823 0.2816761134489319 0.32523719014285823
DD16-1  6 13  0 2.710309917857152 4.286208469571947 2.710309917857152 0.32523719014285823 0.2816761134489319 0.32523719014285823
DD16-1  7 13  0 2.710309917857152 4.286208469571947 2.710309917857152 0.32523719014285823 0.2816761134489319 0.32523719014285823
DD16-1  8 13  0 2.710309917857152 4.286208469571947 2.710309917857152 0.32523719014285823 0.2816761134489319 0.32523719014285823
DD16-1  9 13  0 2.710309917857152 4.286208469571947 2.710309917857152 0.32523719014285823 0.2816761134489319 0.32523719014285823
DD16-1  10 13  0 2.710309917857152 4.286208469571947 2.710309917857152 0.32523719014285823 0.2816761134489319 0.32523719014285823
DD16-1  11 13  0 2.710309917857152 4.286208469571947 2.710309917857152 0.32523719014285823 0.2816761134489319 0.32523719014285823
DD16-1  12 13  0 2.710309917857152 4.286208469571947 2.710309917857152 0.32523719014285823 0.2816761134489319 0.32523719014285823
DD16-1  13 13  0 2.710309917857152 4.286208469571947 2.710309917857152 0.32523719014285823 0.2816761134489319 0.32523719014285823
DD16-1  14 13  0 2.710309917857152 4.286208469571947 2.710309917857152 0.32523719014285823 0.2816761134489319 0.32523719014285823
DD16-1  15 13  0 2.710309917857152 4.286208469571947 2.710309917857152 0.32523719014285823 0.2816761134489319 0.32523719014285823
DD16-1  16 13  0 2.710309917857152 4.286208469571947 2.710309917857152 0.32523719014285823 0.2816761134489319 0.32523719014285823
DD16-1  17 13  0 2.710309917857152 4.286208469571947 2.710309917857152 0.32523719014285823 0.2816761134489319 0.32523719014285823
DD16-1  18 13  0 2.710309917857152 4.286208469571947 2.710309917857152 0.32523719014285823 0.2816761134489319 0.32523719014285823
DD16-1  19 13  0 2.710309917857152 4.286208469571947 2.710309917857152 0.32523719014285823 0.2816761134489319 0.32523719014285823
DD16-1  20 13  0 2.710309917857152 4.286208469571947 2.710309917857152 0.32523719014285823 0.2816761134489319 0.32523719014285823
DD16-1  21 13  0 2.710309917857152 4.286208469571947 2.710309917857152 0.32523719014285823 0.2816761134489319 0.32523719014285823
DD16-1  1 14  0 2.710309917857152 2.710309917857152 2.710309917857152 0.32523719014285823 0.32523719014285823 0.32523719014285823
DD16-1  2 14  0 2.710309917857152 4.2723157717261975 2.960309917857152 0.32523719014285823 0.3685692705053666 0.3031340909642868
DD16-1  3 14  0 2.710309917857152 4.285026526292789 2.960309917857152 0.32523719014285823 0.34089363404904743 0.26787405881746124
DD16-1  4 14  0 2.710309917857152 4.285026526292789 2.960309917857152 0.32523719014285823 0.3092330571154454 0.2379094180863103
DD16-1  5 14  0 2.710309917857152 4.285026526292789 2.960309917857152 0.32523719014285823 0.3092330571154454 0.2379094180863103
DD16-1  6 14  0 2.710309917857152 4.285026526292789 2.960309917857152 0.32523719014285823 0.3092330571154454 0.2379094180863103
DD16-1  7 14  0 2.710309917857152 4.285026526292789 2.960309917857152 0.32523719014285823 0.3092330571154454 0.2379094180863103
DD16-1  8 14  0 2.710309917857152 4.285026526292789 2.960309917857152 0.32523719014285823 0.3092330571154454 0.2379094180863103
DD16-1  9 14  0 2.710309917857152 4.285026526292789 2.960309917857152 0.32523719014285823 0.3092330571154454 0.2379094180863103
DD16-1  10 14  0 2.710309917857152 4.285026526292789 2.960309917857152 0.32523719014285823 0.3092330571154454 0.2379094180863103
DD16-1  11 14  0 2.710309917857152 4.285026526292789 2.960309917857152 0.32523719014285823 0.3092330571154454 0.2379094180863103
DD16-1  12 14  0 2.710309917857152 4.285026526292789 2.960309917857152 0.32523719014285823 0.3092330571154454 0.2379094180863103
DD16-1  13 14  0 2.710309917857152 4.285026526292789 2.960309917857152 0.32523719014285823 0.3092330571154454 0.2379094180863103
DD16-1  14 14  0 2.710309917857152 4.285026526292789 2.960309917857152 0.32523719014285823 0.3092330571154454 0.2379094180863103
DD16-1  15 14  0 2.710309917857152 4.285026526292789 2.960309917857152 0.32523719014285823 0.3092330571154454 0.2379094180863103
DD16-1  16 14  0 2.710309917857152 4.285026526292789 2.960309917857152 0.32523719014285823 0.3092330571154454 0.2379094180863103
DD16-1  17 14  0 2.710309917857152 4.285026526292789 2.960309917857152 0.32523719014285823 0.3092330571154454 0.2379094180863103
DD16-1  18 14  0 2.710309917857152 4.285026526292789 2.960309917857152 0.32523719014285823 0.3092330571154454 0.2379094180863103
DD16-1  19 14  0 2.710309917857152 4.285026526292789 2.960309917857152 0.32523719014285823 0.3092330571154454 0.2379094180863103
DD16-1  20 14  0 2.710309917857152 4.285026526292789 2.960309917857152 0.32523719014285823 0.3092330571154454 0.2379094180863103
DD16-1  21 14  0 2.710309917857152 4.285026526292789 2.960309917857152 0.32523719014285823 0.3092330571154454 0.2379094180863103
DD16-1  1 15  0 2.710309917857152 2.710309917857152 2.710309917857152 0.32523719014285823 0.32523719014285823 0.32523719014285823
DD16-1  2 15  0 4.2723157717261975 4.2723157717261975 2.960309917857152 0.3685692705053666 0.3685692705053666 0.3031340909642868
DD16-1  3 15  0 4.283073401292789 4.285026526292789 2.960309917857152 0.34084292884356626 0.34089363404904743 0.3031340909642868
DD16-1  4 15  0 4.283073401292789 4.285026526292789 2.960309917857152 0.34084292884356626 0.3092330571154454 0.3031340909642868
DD16-1  5 15  0 4.283073401292789 4.286208469571947 2.960309917857152 0.34084292884356626 0.2816761134489319 0.3031340909642868
DD16-1  6 15  0 4.283073401292789 4.28677813103028 2.960309917857152 0.34084292884356626 0.25854390099788926 0.3031340909642868
DD16-1  7 15  0 4.283073401292789 4.286876041593431 2.960309917857152 0.34084292884356626 0.23910643026418116 0.3031340909642868
DD16-1  8 15  0 4.283073401292789 4.286876041593431 2.960309917857152 0.34084292884356626 0.23910643026418116 0.3031340909642868
DD16-1  9 15  0 4.283073401292789 4.286876041593431 2.960309917857152 0.34084292884356626 0.23910643026418116 0.3031340909642868
DD16-1  10 15  0 4.283073401292789 4.286876041593431 2.960309917857152 0.34084292884356626 0.23910643026418116 0.3031340909642868
DD16-1  11 15  0 4.283073401292789 4.286876041593431 2.960309917857152 0.34084292884356626 0.23910643026418116 0.3031340909642868
DD16-1  12 15  0 4.283073401292789 4.286876041593431 2.960309917857152 0.34084292884356626 0.23910643026418116 0.3031340909642868
DD16-1  13 15  0 4.283073401292789 4.286876041593431 2.960309917857152 0.34084292884356626 0.23910643026418116 0.3031340909642868
DD16-1  14 15  0 4.283073401292789 4.286876041593431 2.960309917857152 0.34084292884356626 0.23910643026418116 0.3031340909642868
DD16-1  15 15  0 4.283073401292789 4.286876041593431 2.960309917857152 0.34084292884356626 0.23910643026418116 0.3031340909642868
DD16-1  16 15  0 4.283073401292789 4.286876041593431 2.960309917857152 0.34084292884356626 0.23910643026418116 0.3031340909642868
DD16-1  17 15  0 4.283073401292789 4.286876041593431 2.960309917857152 0.34084292884356626 0.23910643026418116 0.3031340909642868
DD16-1  18 15  0 4.283073401292789 4.286876041593431 2.960309917857152 0.34084292884356626 0.23910643026418116 0.3031340909642868
DD16-1  19 15  0 4.283073401292789 4.286876041593431 2.960309917857152 0.34084292884356626 0.23910643026418116 0.3031340909642868
DD16-1  20 15  0 4.283073401292789 4.286876041593431 2.960309917857152 0.34084292884356626 0.23910643026418116 0.3031340909642868
DD16-1  21 15  0 4.283073401292789 4.286876041593431 2.960309917857152 0.34084292884356626 0.23910643026418116 0.3031340909642868
DD16-1  1 16  0 2.710309917857152 2.710309917857152 2.710309917857152 0.32523719014285823 0.32523719014285823 0.32523719014285823
DD16-1  2 16  0 4.2723157717261975 4.2723157717261975 2.960309917857152 0.3685692705053666 0.3685692705053666 0.3031340909642868
DD16-1  3 16  0 4.2723157717261975 4.285026526292789 2.960309917857152 0.3685692705053666 0.34089363404904743 0.26787405881746124
DD16-1  4 16  0 4.2723157717261975 4.285026526292789 2.960309917857152 0.3685692705053666 0.3092330571154454 0.26787405881746124
DD16-1  5 16  0 4.2723157717261975 4.286208469571947 2.960309917857152 0.3685692705053666 0.2816761134489319 0.26787405881746124
DD16-1  6 16  0 4.2723157717261975 4.28677813103028 2.960309917857152 0.3685692705053666 0.25854390099788926 0.26787405881746124
DD16-1  7 16  0 4.2723157717261975 4.286876041593431 2.960309917857152 0.3685692705053666 0.23910643026418116 0.26787405881746124
DD16-1  8 16  0 4.2723157717261975 4.286876041593431 2.960309917857152 0.3685692705053666 0.23910643026418116 0.26787405881746124
DD16-1  9 16  0 4.2723157717261975 4.286876041593431 2.960309917857152 0.3685692705053666 0.23910643026418116 0.26787405881746124
DD16-1  10 16  0 4.2723157717261975 4.286876041593431 2.960309917857152 0.3685692705053666 0.23910643026418116 0.26787405881746124
DD16-1  11 16  0 4.2723157717261975 4.286876041593431 2.960309917857152 0.3685692705053666 0.23910643026418116 0.26787405881746124
DD16-1  12 16  0 4.2723157717261975 4.286876041593431 2.960309917857152 0.3685692705053666 0.23910643026418116 0.26787405881746124
DD16-1  13 16  0 4.2723157717261975 4.286876041593431 2.960309917857152 0.3685692705053666 0.23910643026418116 0.26787405881746124
DD16-1  14 16  0 4.2723157717261975 4.286876041593431 2.960309917857152 0.3685692705053666 0.23910643026418116 0.26787405881746124
DD16-1  15 16  0 4.2723157717261975 4.286876041593431 2.960309917857152 0.3685692705053666 0.23910643026418116 0.26787405881746124
DD16-1  16 16  0 4.2723157717261975 4.286876041593431 2.960309917857152 0.3685692705053666 0.23910643026418116 0.26787405881746124
DD16-1  17 16  0 4.2723157717261975 4.286876041593431 2.960309917857152 0.3685692705053666 0.23910643026418116 0.26787405881746124
DD16-1  18 16  0 4.2723157717261975 4.286876041593431 2.960309917857152 0.3685692705053666 0.23910643026418116 0.26787405881746124
DD16-1  19 16  0 4.2723157717261975 4.286876041593431 2.960309917857152 0.3685692705053666 0.23910643026418116 0.26787405881746124
DD16-1  20 16  0 4.2723157717261975 4.286876041593431 2.960309917857152 0.3685692705053666 0.23910643026418116 0.26787405881746124
DD16-1  21 16  0 4.2723157717261975 4.286876041593431 2.960309917857152 0.3685692705053666 0.23910643026418116 0.26787405881746124
DD16-1  1 17  0 2.710309917857152 2.710309917857152 2.710309917857152 0.32523719014285823 0.32523719014285823 0.32523719014285823
DD16-1  2 17  0 4.2723157717261975 4.2723157717261975 2.960309917857152 0.3685692705053666 0.3685692705053666 0.3031340909642868
DD16-1  3 17  0 4.283073401292789 4.285026526292789 2.960309917857152 0.34084292884356626 0.34089363404904743 0.26787405881746124
DD16-1  4 17  0 4.283073401292789 4.285026526292789 2.960309917857152 0.34084292884356626 0.3092330571154454 0.2379094180863103
DD16-1  5 17  0 4.283073401292789 4.286208469571947 3.3154648767857284 0.34084292884356626 0.2816761134489319 0.21514650968047697
DD16-1  6 17  0 4.283073401292789 4.28677813103028 3.3154648767857284 0.34084292884356626 0.25854390099788926 0.19770800738254043
DD16-1  7 17  0 4.283073401292789 4.28677813103028 3.709558799181566 0.34084292884356626 0.25854390099788926 0.1840341246061353
DD16-1  8 17  0 4.283073401292789 4.28677813103028 3.731755984114602 0.34084292884356626 0.25854390099788926 0.1726499767589771
DD16-1  9 17  0 4.283073401292789 4.28677813103028 3.794255984114602 0.34084292884356626 0.25854390099788926 0.1628351793020898
DD16-1  10 17  0 4.283073401292789 4.28677813103028 3.794255984114602 0.34084292884356626 0.25854390099788926 0.15414017334011004
DD16-1  11 17  0 4.283073401292789 4.28677813103028 3.794255984114602 0.34084292884356626 0.25854390099788926 0.14639892780359526
DD16-1  12 17  0 4.283073401292789 4.28677813103028 3.794255984114602 0.34084292884356626 0.25854390099788926 0.13946881713123263
DD16-1  13 17  0 4.283073401292789 4.28677813103028 3.794255984114602 0.34084292884356626 0.25854390099788926 0.13323069035085922
DD16-1  14 17  0 4.283073401292789 4.28677813103028 3.794255984114602 0.34084292884356626 0.25854390099788926 0.13323069035085922
DD16-1  15 17  0 4.283073401292789 4.28677813103028 3.794255984114602 0.34084292884356626 0.25854390099788926 0.13323069035085922
DD16-1  16 17  0 4.283073401292789 4.28677813103028 3.794255984114602 0.34084292884356626 0.25854390099788926 0.13323069035085922
DD16-1  17 17  0 4.283073401292789 4.28677813103028 3.794255984114602 0.34084292884356626 0.25854390099788926 0.13323069035085922
DD16-1  18 17  0 4.283073401292789 4.28677813103028 3.794255984114602 0.34084292884356626 0.25854390099788926 0.13323069035085922
DD16-1  19 17  0 4.283073401292789 4.28677813103028 3.794255984114602 0.34084292884356626 0.25854390099788926 0.13323069035085922
DD16-1  20 17  0 4.283073401292789 4.28677813103028 3.794255984114602 0.34084292884356626 0.25854390099788926 0.13323069035085922
DD16-1  21 17  0 4.283073401292789 4.28677813103028 3.794255984114602 0.34084292884356626 0.25854390099788926 0.13323069035085922
DD16-1  1 18  0 2.710309917857152 2.710309917857152 2.710309917857152 0.32523719014285823 0.32523719014285823 0.32523719014285823
DD16-1  2 18  0 4.2723157717261975 2.710309917857152 2.710309917857152 0.3685692705053666 0.32523719014285823 0.32523719014285823
DD16-1  3 18  0 4.283073401292789 2.710309917857152 2.710309917857152 0.34084292884356626 0.32523719014285823 0.32523719014285823
DD16-1  4 18  0 4.286208469571947 2.710309917857152 2.710309917857152 0.30919605511523035 0.32523719014285823 0.32523719014285823
DD16-1  5 18  0 4.286818821134447 2.710309917857152 2.710309917857152 0.2816504832029265 0.32523719014285823 0.32523719014285823
DD16-1  6 18  0 4.286870955330411 2.710309917857152 2.710309917857152 0.25852464478160003 0.32523719014285823 0.32523719014285823
DD16-1  7 18  0 4.2868744937576855 2.710309917857152 2.710309917857152 0.2390899958142878 0.32523719014285823 0.32523719014285823
DD16-1  8 18  0 4.286874827257167 2.710309917857152 2.710309917857152 0.22260022978064145 0.32523719014285823 0.32523719014285823
DD16-1  9 18  0 4.286874827257167 2.710309917857152 2.710309917857152 0.22260022978064145 0.32523719014285823 0.32523719014285823
DD16-1  10 18  0 4.286874827257167 2.710309917857152 2.710309917857152 0.22260022978064145 0.32523719014285823 0.32523719014285823
DD16-1  11 18  0 4.286874827257167 2.710309917857152 2.710309917857152 0.22260022978064145 0.32523719014285823 0.32523719014285823
DD16-1  12 18  0 4.286874827257167 2.710309917857152 2.710309917857152 0.22260022978064145 0.32523719014285823 0.32523719014285823
DD16-1  13 18  0 4.286874827257167 2.710309917857152 2.710309917857152 0.22260022978064145 0.32523719014285823 0.32523719014285823
DD16-1  14 18  0 4.286874827257167 2.710309917857152 2.710309917857152 0.22260022978064145 0.32523719014285823 0.32523719014285823
DD16-1  15 18  0 4.286874827257167 2.710309917857152 2.710309917857152 0.22260022978064145 0.32523719014285823 0.32523719014285823
DD16-1  16 18  0 4.286874827257167 2.710309917857152 2.710309917857152 0.22260022978064145 0.32523719014285823 0.32523719014285823
DD16-1  17 18  0 4.286874827257167 2.710309917857152 2.710309917857152 0.22260022978064145 0.32523719014285823 0.32523719014285823
DD16-1  18 18  0 4.286874827257167 2.710309917857152 2.710309917857152 0.22260022978064145 0.32523719014285823 0.32523719014285823
DD16-1  19 18  0 4.286874827257167 2.710309917857152 2.710309917857152 0.22260022978064145 0.32523719014285823 0.32523719014285823
DD16-1  20 18  0 4.286874827257167 2.710309917857152 2.710309917857152 0.22260022978064145 0.32523719014285823 0.32523719014285823
DD16-1  21 18  0 4.286874827257167 2.710309917857152 2.710309917857152 0.22260022978064145 0.32523719014285823 0.32523719014285823
DD16-1  1 19  0 2.710309917857152 2.710309917857152 2.710309917857152 0.32523719014285823 0.32523719014285823 0.32523719014285823
DD16-1  2 19  0 4.2723157717261975 4.2723157717261975 2.960309917857152 0.3685692705053666 0.3685692705053666 0.3031340909642868
DD16-1  3 19  0 4.283073401292789 4.285026526292789 2.960309917857152 0.34084292884356626 0.34089363404904743 0.26787405881746124
DD16-1  4 19  0 4.286208469571947 4.285026526292789 2.960309917857152 0.30919605511523035 0.3092330571154454 0.2379094180863103
DD16-1  5 19  0 4.286818821134447 4.286208469571947 3.3154648767857284 0.2816504832029265 0.2816761134489319 0.21514650968047697
DD16-1  6 19  0 4.286870955330411 4.28677813103028 3.3154648767857284 0.25852464478160003 0.25854390099788926 0.19770800738254043
DD16-1  7 19  0 4.2868744937576855 4.286876041593431 3.709558799181566 0.2390899958142878 0.23910643026418116 0.1840341246061353
DD16-1  8 19  0 4.286874827257167 4.2868804390664925 3.731755984114602 0.22260022978064145 0.22261462528931797 0.1726499767589771
DD16-1  9 19  0 4.28687487196065 4.2868805259899325 3.794255984114602 0.20845174711375464 0.20846455709307113 0.1628351793020898
DD16-1  10 19  0 4.28687487196065 4.2868805259899325 3.794255984114602 0.19618032214630052 0.19619186243574382 0.15414017334011004
DD16-1  11 19  0 4.28687487196065 4.2868805259899325 3.794255984114602 0.18543149099574527 0.18544199151346943 0.14639892780359526
DD16-1  12 19  0 4.28687487196065 4.2868805259899325 3.794255984114602 0.18543149099574527 0.17594249295122186 0.13946881713123263
DD16-1  13 19  0 4.28687487196065 4.2868805259899325 3.794255984114602 0.18543149099574527 0.16748168642360112 0.13323069035085922
DD16-1  14 19  0 4.28687487196065 4.2868805259899325 3.794255984114602 0.18543149099574527 0.15989307670557848 0.1275859022483638
DD16-1  15 19  0 4.28687487196065 4.2868805259899325 3.794255984114602 0.18543149099574527 0.15304409872608654 0.1224528474176859
DD16-1  16 19  0 4.28687487196065 4.2868805259899325 3.794255984114602 0.18543149099574527 0.14682796796663583 0.11776380694167006
DD16-1  17 19  0 4.28687487196065 4.2868805259899325 3.794255984114602 0.18543149099574527 0.14682796796663583 0.11346230686836395
DD16-1  18 19  0 4.28687487196065 4.2868805259899325 3.794255984114602 0.18543149099574527 0.14682796796663583 0.10950097869920461
DD16-1  19 19  0 4.28687487196065 4.2868805259899325 3.794255984114602 0.18543149099574527 0.14682796796663583 0.10583985017160909
DD16-1  20 19  0 4.28687487196065 4.2868805259899325 3.794255984114602 0.18543149099574527 0.14682796796663583 0.10583985017160909
DD16-1  21 19  0 4.28687487196065 4.2868805259899325 3.794255984114602 0.18543149099574527 0.14682796796663583 0.10583985017160909
DD16-1  1 20  0 2.710309917857152 2.710309917857152 2.710309917857152 0.32523719014285823 0.32523719014285823 0.32523719014285823
DD16-1  2 20  0 4.2723157717261975 4.2723157717261975 2.960309917857152 0.3685692705053666 0.3685692705053666 0.3031340909642868
DD16-1  3 20  0 4.283073401292789 4.285026526292789 2.960309917857152 0.34084292884356626 0.34089363404904743 0.26787405881746124
DD16-1  4 20  0 4.286208469571947 4.285026526292789 2.960309917857152 0.30919605511523035 0.3092330571154454 0.2379094180863103
DD16-1  5 20  0 4.286818821134447 4.286208469571947 3.3154648767857284 0.2816504832029265 0.2816761134489319 0.21514650968047697
DD16-1  6 20  0 4.286870955330411 4.28677813103028 3.3154648767857284 0.25852464478160003 0.25854390099788926 0.19770800738254043
DD16-1  7 20  0 4.2868744937576855 4.286876041593431 3.709558799181566 0.2390899958142878 0.23910643026418116 0.1840341246061353
DD16-1  8 20  0 4.286874827257167 4.2868804390664925 3.731755984114602 0.22260022978064145 0.22261462528931797 0.1726499767589771
DD16-1  9 20  0 4.28687487196065 4.2868805259899325 3.794255984114602 0.20845174711375464 0.20846455709307113 0.1628351793020898
DD16-1  10 20  0 4.28687487196065 4.2868805259899325 3.794255984114602 0.19618032214630052 0.19619186243574382 0.15414017334011004
DD16-1  11 20  0 4.28687487196065 4.2868805259899325 3.794255984114602 0.18543149099574527 0.18544199151346943 0.14639892780359526
DD16-1  12 20  0 4.28687487196065 4.2868805259899325 3.794255984114602 0.17593285962382302 0.17594249295122186 0.13946881713123263
DD16-1  13 20  0 4.28687487196065 4.2868805259899325 3.794255984114602 0.16747278743022798 0.16748168642360112 0.13323069035085922
DD16-1  14 20  0 4.286874874444178 4.2868805259899325 3.794255984114602 0.15988480758567838 0.15989307670557848 0.1275859022483638
DD16-1  15 20  0 4.286874874444178 4.2868805259899325 3.794255984114602 0.15303637585725022 0.15304409872608654 0.1224528474176859
DD16-1  16 20  0 4.286874874444178 4.2868805259899325 3.794255984114602 0.14682072336183163 0.14682796796663583 0.11776380694167006
DD16-1  17 20  0 4.286874874444178 4.2868805259899325 3.794255984114602 0.14682072336183163 0.14682796796663583 0.11346230686836395
DD16-1  18 20  0 4.286874874444178 4.2868805259899325 3.794255984114602 0.14682072336183163 0.14682796796663583 0.10950097869920461
DD16-1  19 20  0 4.286874874444178 4.2868805259899325 3.794255984114602 0.14682072336183163 0.14682796796663583 0.10583985017160909
DD16-1  20 20  0 4.286874874444178 4.2868805259899325 3.794255984114602 0.14682072336183163 0.14682796796663583 0.10244498565508589
DD16-1  21 20  0 4.286874874444178 4.2868805259899325 3.794255984114602 0.14682072336183163 0.14682796796663583 0.0992874040180476
